3 -3.197572 0.799998 1.088893 0.581460 0.440791 0.286431
6 -4.753460 -4.653031 -4.927434 -5.631807 -4.515053 24.480785
1 51.621173 -10.101462 -10.605734 -10.361350 -10.118564 -10.434066
3 -3.088984 0.581769 1.522413 0.739291 0.374839 -0.129328
1 83.380325 -16.598135 -16.711451 -16.805254 -16.597616 -16.667875
6 -3.339748 -3.153626 -3.050843 -3.412080 -3.236757 16.193054
1 4.017298 -0.892453 -2.437199 -0.332997 -0.188979 -0.165670
3 -0.422894 -0.262937 1.068115 -0.057014 0.000000 -0.325270
2 -6.349881 3.242819 -2.926449 2.152705 2.484129 1.396677
1 31.647410 -8.222889 -10.031724 -8.285155 -8.184409 3.076764
1 25.330255 -5.174796 -3.971854 -7.206320 -5.054986 -3.922302
3 -0.097208 0.098994 0.272457 0.063855 -0.308695 -0.029402
3 -17.751254 -2.308994 25.518071 -1.786668 -1.719637 -1.951519
1 83.380325 -16.598135 -16.711451 -16.805254 -16.597616 -16.667875
4 -2.996511 0.055670 1.073447 1.322250 0.712677 -0.167533
3 -11.826263 2.030103 6.331606 0.465757 1.937061 1.061735
1 6.701536 -1.125844 -1.412104 -1.283545 -1.405656 -1.474387
1 22.498095 -8.083736 -8.957415 -8.083948 11.959330 -9.332327
1 3.076898 0.682463 -4.330105 0.222568 0.595483 -0.247308
1 83.380325 -16.598135 -16.711451 -16.805254 -16.597616 -16.667875
1 83.380325 -16.598135 -16.711451 -16.805254 -16.597616 -16.667875
1 83.380325 -16.598135 -16.711451 -16.805254 -16.597616 -16.667875
1 83.380325 -16.598135 -16.711451 -16.805254 -16.597616 -16.667875
5 -10.874031 1.664195 2.600261 2.641913 2.727009 1.240653
5 -6.305259 0.647152 -0.231844 -0.324597 7.448127 -1.233578
6 -10.206071 1.886120 3.260103 -0.252415 2.017578 3.294686
6 -6.892490 -3.608513 -1.913006 -1.972759 -3.885533 18.272302
3 -7.067143 0.900748 6.083852 0.320394 -0.073828 -0.164023
1 13.056398 -2.217323 -2.669173 -2.457870 -2.765697 -2.946335
4 -3.656150 -2.802836 -2.534281 14.600016 -2.902361 -2.704389
2 0.973341 1.441006 -3.579129 0.498761 0.852253 -0.186232
4 0.050525 -0.654887 -1.857632 2.632526 0.064631 -0.235163
5 -3.324520 -4.008011 -4.421134 -3.608912 19.368211 -4.005634
2 -4.777474 25.239944 -5.244539 -5.040861 -5.319687 -4.857382
5 -11.949266 0.070350 3.672813 1.560013 5.961072 0.685017
1 83.380325 -16.598135 -16.711451 -16.805254 -16.597616 -16.667875
1 0.000000 0.000000 0.000000 0.000000 0.000000 0.000000
3 -5.044472 -2.253670 7.515029 -2.362526 3.437224 -1.291584
1 83.380325 -16.598135 -16.711451 -16.805254 -16.597616 -16.667875
1 0.000000 0.000000 0.000000 0.000000 0.000000 0.000000
4 -2.721286 -4.517754 -4.750698 20.795019 -4.173565 -4.631717
6 -6.052946 -4.182472 -1.802030 -2.603948 -3.645976 18.287372
5 -5.350849 0.746548 1.122785 0.673261 3.109311 -0.301055
4 0.215482 0.116385 -0.676668 2.314562 -1.463091 -0.506669
1 83.380325 -16.598135 -16.711451 -16.805254 -16.597616 -16.667875
3 -11.713162 1.813273 8.181447 -0.361932 1.491203 0.589171
3 -2.049112 3.639229 4.531029 -1.950121 -1.970017 -2.201008
1 44.170574 -8.352869 -8.868191 -8.928347 -8.973238 -9.047930
1 1.909803 0.599336 -2.510123 0.966129 -0.244670 -0.720476
1 83.380325 -16.598135 -16.711451 -16.805254 -16.597616 -16.667875
1 8.882509 -1.562591 -2.086098 -1.739763 -1.583062 -1.910995
1 8.898657 -1.486180 -1.755265 -2.001908 -1.878794 -1.776510
1 22.498095 -8.083736 -8.957415 -8.083948 11.959330 -9.332327
1 33.926336 -9.324011 4.753353 -11.184702 -9.009175 -9.161804
3 -2.049112 3.639229 4.531029 -1.950121 -1.970017 -2.201008
1 4.017298 -0.892453 -2.437199 -0.332997 -0.188979 -0.165670
2 -8.129564 5.114348 -0.071343 1.208065 0.459317 1.419177
1 15.280422 -3.746372 -2.482839 0.695752 -4.042934 -5.704032
1 51.621173 -10.101462 -10.605734 -10.361350 -10.118564 -10.434066
6 -4.617961 -3.783859 5.259220 -3.184325 -3.513876 9.840802
1 25.026804 -4.750987 -5.605026 -5.769512 -4.561969 -4.339311
2 -1.713147 9.055237 -1.825982 -1.802189 -1.811542 -1.902377
1 82.982751 -16.642759 -17.147712 -16.130133 -16.789790 -16.272361
3 -3.585166 -3.766359 18.137131 -3.315797 -3.815363 -3.654445
4 -2.179751 -2.246265 -1.966673 10.862667 -2.309314 -2.160664
1 16.616407 -3.488542 -2.418647 -2.472410 -2.398116 -5.838693
1 83.380325 -16.598135 -16.711451 -16.805254 -16.597616 -16.667875
1 0.000000 0.000000 0.000000 0.000000 0.000000 0.000000
6 -14.753999 2.203341 2.868081 3.334958 2.733671 3.613950
1 1.762996 1.453967 -2.101228 -0.647892 -0.236703 -0.231140
6 -5.380847 -2.797423 -2.556929 -3.134006 0.453003 13.416201
5 -2.427453 -0.948615 -1.571625 -1.433631 6.793233 -0.411909
3 -2.721620 -1.451750 9.844521 -2.384710 -1.812905 -1.473537
2 -4.516158 1.230752 0.993901 0.224556 1.077664 0.989285
3 -2.898672 -0.213307 2.579602 0.268366 0.414819 -0.150808
1 13.056398 -2.217323 -2.669173 -2.457870 -2.765697 -2.946335
3 0.000000 -0.020028 0.512080 -0.141263 -0.350789 0.000000
6 -3.078538 -0.873001 1.446133 -1.541701 -1.465421 5.512528
1 83.380325 -16.598135 -16.711451 -16.805254 -16.597616 -16.667875
3 -0.097208 0.098994 0.272457 0.063855 -0.308695 -0.029402
4 -5.831065 -0.293898 0.444761 5.801511 0.153458 -0.274768
3 -0.707575 -0.145113 1.700212 -1.288755 -0.786067 1.227297
1 23.010876 -5.704964 -4.097995 -4.274192 -4.568460 -4.365266
1 17.955131 -5.510316 -5.592269 -5.418611 -4.850050 3.416113
1 0.000000 0.000000 0.000000 0.000000 0.000000 0.000000
6 -0.855766 -1.625896 -0.754512 -0.917127 -1.057927 5.211229
1 23.767925 -4.703528 -4.863395 -4.805333 -4.771676 -4.623993
3 -11.403433 -2.600371 21.890934 -2.071647 -2.042083 -3.773399
4 -5.912617 0.511397 1.345463 1.388086 1.286731 1.380941
2 -9.120329 9.519730 0.037854 0.284152 -0.150675 -0.570733
1 13.056398 -2.217323 -2.669173 -2.457870 -2.765697 -2.946335
2 -4.777474 25.239944 -5.244539 -5.040861 -5.319687 -4.857382
3 -0.097208 0.098994 0.272457 0.063855 -0.308695 -0.029402
1 83.380325 -16.598135 -16.711451 -16.805254 -16.597616 -16.667875
1 16.708696 -3.315386 -3.455955 -3.204286 -3.334218 -3.398852
5 -12.045389 -0.638595 0.877618 1.284611 7.486498 3.035258
3 0.000000 -0.846141 5.423927 -1.331049 -3.674161 0.427423
2 -6.151006 6.707127 0.589002 -0.096173 -0.590547 -0.458404
1 23.767925 -4.703528 -4.863395 -4.805333 -4.771676 -4.623993
1 38.105942 -7.713654 -8.141263 -7.041923 -7.918862 -7.290238
1 51.621173 -10.101462 -10.605734 -10.361350 -10.118564 -10.434066
1 0.467114 0.004293 0.404456 0.120187 0.361028 -1.357079
1 44.445825 -8.762355 -8.429480 -8.847571 -8.815707 -9.590714
1 83.380325 -16.598135 -16.711451 -16.805254 -16.597616 -16.667875
3 -2.530155 -0.151276 4.410269 -0.467662 -0.328592 -0.932585
1 56.532650 -11.512877 -11.526703 -11.127738 -10.856316 -11.509017
1 56.532650 -11.512877 -11.526703 -11.127738 -10.856316 -11.509017
3 -8.755010 1.224547 3.293179 1.281240 1.382203 1.573841
6 -0.331435 -0.294754 -0.286418 -0.287309 -0.309290 1.509206
4 -1.721402 0.231195 -2.104455 1.525263 0.992541 1.076858
3 -4.988424 0.185808 2.992947 0.934838 0.967612 -0.092782
1 19.026359 -3.547619 -5.077711 -3.077523 -2.453460 -4.870049
1 83.380325 -16.598135 -16.711451 -16.805254 -16.597616 -16.667875
1 83.380325 -16.598135 -16.711451 -16.805254 -16.597616 -16.667875
3 -27.257979 5.232687 6.752231 5.659565 6.543147 3.070350
1 22.701318 -4.753445 -4.946205 -3.375374 -3.991561 -5.634731
1 83.380325 -16.598135 -16.711451 -16.805254 -16.597616 -16.667875
5 -5.248497 -5.363605 -5.210423 -5.439758 26.477436 -5.215150
5 -3.048548 -0.343116 -0.335809 -0.595351 4.547091 -0.224266
1 8.898657 -1.486180 -1.755265 -2.001908 -1.878794 -1.776510
3 -1.023594 -1.153826 6.255048 -1.175572 -1.263601 -1.638455
1 8.882509 -1.562591 -2.086098 -1.739763 -1.583062 -1.910995
1 83.380325 -16.598135 -16.711451 -16.805254 -16.597616 -16.667875
6 -0.525174 -0.392575 -1.820852 0.523613 -0.473973 2.688960
3 1.606607 -1.492693 5.255690 -1.454743 -1.387269 -2.527592
5 -14.020159 2.919407 3.193502 2.758731 5.267111 -0.118592
1 83.380325 -16.598135 -16.711451 -16.805254 -16.597616 -16.667875
1 1.643724 0.744199 -0.997138 0.279346 -0.756691 -0.913440
3 -12.274352 -1.945183 19.807840 -1.845937 -1.818722 -1.923646
2 -6.349881 3.242819 -2.926449 2.152705 2.484129 1.396677
3 -3.085146 -2.260667 8.092293 -1.724073 -0.165335 -0.857072
1 83.380325 -16.598135 -16.711451 -16.805254 -16.597616 -16.667875
1 32.207407 -11.446263 -11.742587 -12.417002 -11.321966 14.720409
1 62.150920 -12.358728 -13.263078 -10.514858 -13.518250 -12.496010
2 -4.192743 21.559622 -4.395840 -4.263213 -4.210750 -4.497076
3 -0.097208 0.098994 0.272457 0.063855 -0.308695 -0.029402
1 23.767925 -4.703528 -4.863395 -4.805333 -4.771676 -4.623993
1 6.701536 -1.125844 -1.412104 -1.283545 -1.405656 -1.474387
5 -1.495518 -4.237323 -4.972739 -3.891570 19.226984 -4.629835
5 1.469487 -0.272524 0.318505 -1.228838 2.041679 -2.328310
4 -6.780304 -1.737980 -1.807632 14.301182 -2.036130 -1.939135
4 -6.780304 -1.737980 -1.807632 14.301182 -2.036130 -1.939135
4 -31.515098 2.835401 11.255114 12.159703 3.604547 1.660334
6 -5.897722 -2.897179 -0.839038 -2.728623 -0.349286 12.711849
1 33.926336 -9.324011 4.753353 -11.184702 -9.009175 -9.161804
6 -2.898924 -0.493507 -0.715380 -0.622180 -0.833962 5.563953
4 -2.688848 -2.509835 -2.709396 12.957329 -2.621693 -2.427556
6 -7.552329 -1.119672 -1.027960 -1.127708 -0.723098 11.550768
1 18.074199 -3.526071 -2.954148 -3.165746 -3.026366 -5.401870
1 5.211978 -3.233050 -1.008456 1.696368 -0.592996 -2.073846
2 -15.332980 10.558405 -2.557401 -0.860887 -1.807900 10.000764
2 -6.349881 3.242819 -2.926449 2.152705 2.484129 1.396677
3 -9.881152 -5.984822 32.711235 -5.667023 -5.539081 -5.639158
1 0.000000 0.000000 0.000000 0.000000 0.000000 0.000000
3 0.283141 -0.008531 0.284639 -0.180082 0.062765 -0.441931
5 0.000000 -0.402052 -0.023810 -1.350515 2.278470 -0.502092
1 83.380325 -16.598135 -16.711451 -16.805254 -16.597616 -16.667875
5 -6.905142 -0.398320 0.893405 -1.651006 6.965286 1.095778
3 -5.496891 -2.331203 12.218964 -1.985680 -2.113318 -0.291872
3 -16.629768 1.885907 10.355845 0.257692 2.150274 1.980051
1 83.380325 -16.598135 -16.711451 -16.805254 -16.597616 -16.667875
1 83.380325 -16.598135 -16.711451 -16.805254 -16.597616 -16.667875
1 83.380325 -16.598135 -16.711451 -16.805254 -16.597616 -16.667875
1 83.380325 -16.598135 -16.711451 -16.805254 -16.597616 -16.667875
1 83.380325 -16.598135 -16.711451 -16.805254 -16.597616 -16.667875
4 -6.780304 -1.737980 -1.807632 14.301182 -2.036130 -1.939135
6 -10.206071 1.886120 3.260103 -0.252415 2.017578 3.294686
5 -5.248497 -5.363605 -5.210423 -5.439758 26.477436 -5.215150
1 83.380325 -16.598135 -16.711451 -16.805254 -16.597616 -16.667875
1 83.380325 -16.598135 -16.711451 -16.805254 -16.597616 -16.667875
1 51.374344 -9.891673 -10.342637 -10.202013 -10.372897 -10.565127
1 56.532650 -11.512877 -11.526703 -11.127738 -10.856316 -11.509017
3 -12.257799 2.646204 3.297699 3.141169 1.655781 1.516945
1 83.380325 -16.598135 -16.711451 -16.805254 -16.597616 -16.667875
1 24.832997 -8.687393 -8.525724 9.528328 -8.600458 -8.547752
4 -5.530941 0.466101 0.651662 3.386067 0.850916 0.176194
1 51.374344 -9.891673 -10.342637 -10.202013 -10.372897 -10.565127
5 -12.028091 1.791568 2.210794 2.484956 2.825066 2.715707
3 3.620645 -1.641514 5.076422 -2.323787 -2.377213 -2.354553
3 -3.722607 -3.271297 18.260248 -4.916090 -4.157618 -2.192636
1 83.380325 -16.598135 -16.711451 -16.805254 -16.597616 -16.667875
1 0.000000 0.000000 0.000000 0.000000 0.000000 0.000000
1 61.167131 -12.191842 -13.851967 -11.607917 -11.989224 -11.526184
1 61.975326 -12.208717 -13.013777 -12.669018 -12.043319 -12.040495
1 8.882509 -1.562591 -2.086098 -1.739763 -1.583062 -1.910995
1 0.000000 0.000000 0.000000 0.000000 0.000000 0.000000
4 -2.089315 -0.537831 0.725106 1.237642 -0.143096 0.807495
1 83.380325 -16.598135 -16.711451 -16.805254 -16.597616 -16.667875
3 -11.091591 2.118857 3.051917 1.732876 2.830476 1.357465
5 -2.253935 -0.670401 -0.498827 0.577696 1.877963 0.967504
2 -5.933865 2.189876 -1.352816 2.159025 2.092859 0.844922
3 -8.918820 -4.072824 24.594139 -3.774705 -3.889382 -3.938407
1 83.380325 -16.598135 -16.711451 -16.805254 -16.597616 -16.667875
4 -8.695435 1.067415 2.052923 2.950725 1.652291 0.972080
3 -8.377782 2.107520 2.811081 1.539602 2.776593 -0.857014
1 8.808606 -0.048212 -2.347768 -2.664405 -1.551585 -2.196635
4 -16.681993 3.249116 2.631832 3.638819 3.618463 3.543763
1 16.616407 -3.488542 -2.418647 -2.472410 -2.398116 -5.838693
4 3.303629 -2.675551 -1.498045 6.823673 -2.835119 -3.118588
6 -0.855766 -1.625896 -0.754512 -0.917127 -1.057927 5.211229
1 82.982751 -16.642759 -17.147712 -16.130133 -16.789790 -16.272361
1 83.380325 -16.598135 -16.711451 -16.805254 -16.597616 -16.667875
1 25.026804 -4.750987 -5.605026 -5.769512 -4.561969 -4.339311
6 3.868067 -2.266736 -2.559526 -2.432813 -3.448636 6.839644
6 -4.576362 -1.201477 -1.238437 -1.233699 -2.262271 10.512245
1 26.244146 8.060077 -9.099687 -8.752255 -8.336280 -8.115999
1 33.218607 15.083180 -12.197755 -12.057993 -12.213702 -11.832339
5 -8.346796 -0.171655 0.969081 -0.310335 9.319384 -1.459678
3 -4.792650 -0.304534 5.168271 -1.471874 0.379476 1.021311
1 14.618809 -4.694013 -8.990247 -5.327700 11.176143 -6.782993
1 0.000000 0.000000 0.000000 0.000000 0.000000 0.000000
2 -8.301707 11.205777 0.105532 0.341529 -1.349247 -2.001884
1 6.271124 -0.936648 -1.697723 0.306022 -2.353964 -1.588812
1 83.380325 -16.598135 -16.711451 -16.805254 -16.597616 -16.667875
5 -5.915690 1.832396 0.953352 0.497274 1.847883 0.784785
3 -10.478400 -0.912048 15.574480 -2.957864 -0.545164 -0.681004
1 83.380325 -16.598135 -16.711451 -16.805254 -16.597616 -16.667875
4 4.175054 -3.127910 -2.680160 8.261323 -3.043877 -3.584430
2 -4.527374 21.744473 -4.465011 -4.329796 -4.109904 -4.312388
3 0.008293 0.050679 0.205795 -0.205475 -0.156453 0.097162
3 -3.021989 -0.254169 5.195345 -0.615941 -0.184870 -1.118376
3 -25.732071 2.734065 17.361511 1.850320 2.646143 1.140033
3 -12.449295 -0.492431 14.698901 1.912094 -1.548584 -2.120686
2 -3.572595 10.974247 -1.834879 -1.891826 -1.856794 -1.818153
1 6.296984 -0.904956 -0.732707 -2.048794 -1.033534 -1.576995
5 -10.470077 2.174223 1.516976 2.870604 3.390001 0.518275
3 -13.444927 0.202161 11.805042 0.271192 0.883877 0.282654
1 31.694322 -7.384371 -1.525708 -7.083055 -7.564204 -8.136984
5 -5.931632 -6.137962 12.192294 -6.443575 12.422114 -6.101239
3 -24.412453 1.223371 12.237359 9.571705 1.831731 -0.451712
2 -1.305711 6.349679 -1.178797 -1.206537 -1.233476 -1.425157
5 -12.835045 4.074603 -0.120873 2.613104 4.230113 2.038098
5 -1.008168 -0.943472 -1.056905 -1.030506 5.256301 -1.217251
1 83.380325 -16.598135 -16.711451 -16.805254 -16.597616 -16.667875
4 -6.112534 -5.769504 -5.951236 29.451607 -5.758069 -5.860265
4 -3.192624 0.241807 0.423662 2.703173 0.111089 -0.287108
1 33.991745 -6.469126 -6.993899 -6.852048 -6.868729 -6.807945
3 -4.288008 1.144074 3.316231 -0.152836 0.345682 -0.365143
2 -1.305711 6.349679 -1.178797 -1.206537 -1.233476 -1.425157
1 83.380325 -16.598135 -16.711451 -16.805254 -16.597616 -16.667875
4 -2.468626 0.166407 -1.187500 2.121484 1.005153 0.363082
1 10.417044 -2.100211 -2.262853 -2.181726 -1.909819 -1.962435
5 -15.889810 2.149080 3.686567 3.754718 4.015644 2.283801
6 -7.552329 -1.119672 -1.027960 -1.127708 -0.723098 11.550768
1 11.266359 -2.244089 -1.792172 -3.109138 -0.472822 -3.648139
3 -3.722607 -3.271297 18.260248 -4.916090 -4.157618 -2.192636
3 0.156264 -1.719322 7.284741 -2.132577 -1.430554 -2.158552
1 0.000000 0.000000 0.000000 0.000000 0.000000 0.000000
1 82.982751 -16.642759 -17.147712 -16.130133 -16.789790 -16.272361
1 16.708696 -3.315386 -3.455955 -3.204286 -3.334218 -3.398852
3 -0.097208 0.098994 0.272457 0.063855 -0.308695 -0.029402
2 -0.331435 1.509206 -0.294754 -0.286418 -0.287309 -0.309290
5 -5.463625 -1.047758 -4.712941 -1.753497 16.115969 -3.138149
1 83.380325 -16.598135 -16.711451 -16.805254 -16.597616 -16.667875
3 -0.097208 0.098994 0.272457 0.063855 -0.308695 -0.029402
6 -7.552329 -1.119672 -1.027960 -1.127708 -0.723098 11.550768
5 -2.652978 1.296856 -1.072572 0.674108 1.528809 0.225778
4 0.000000 0.964795 -1.191935 2.228683 -1.030943 -0.970600
4 -2.715547 0.917841 0.606954 1.984586 -0.768154 -0.025679
3 -1.799412 -0.760894 1.724450 0.622561 0.097755 0.115539
1 83.380325 -16.598135 -16.711451 -16.805254 -16.597616 -16.667875
1 13.865433 -2.826300 -2.792181 -2.717005 -2.745239 -2.784707
4 -1.516714 -0.161176 -0.428243 1.998859 0.722040 -0.614766
1 8.882509 -1.562591 -2.086098 -1.739763 -1.583062 -1.910995
1 39.975832 -8.147101 -8.970848 -7.582360 -7.492319 -7.783205
2 -3.166564 7.507093 -1.262101 -1.087331 -0.990789 -1.000309
5 -1.078973 -0.111595 -0.586556 0.421168 0.758055 0.597900
2 -3.166564 7.507093 -1.262101 -1.087331 -0.990789 -1.000309
3 -5.048857 -2.914777 15.239169 -2.060388 -2.363658 -2.851489
3 -2.968292 -2.514033 14.850496 -4.006011 -2.953382 -2.408779
5 -1.065145 0.415398 -0.725942 -0.029431 0.730081 0.675038
5 -3.514781 -3.195902 -3.627060 -4.085614 17.631668 -3.208313
4 -6.112534 -5.769504 -5.951236 29.451607 -5.758069 -5.860265
3 -5.668527 -2.150449 6.008931 1.875722 -0.274967 0.209290
1 0.000000 0.000000 0.000000 0.000000 0.000000 0.000000
1 83.575132 -16.899265 -16.947311 -16.243748 -16.797352 -16.687455
1 15.603142 -3.157416 -3.337236 -2.915952 -2.699322 -3.493216
1 83.380325 -16.598135 -16.711451 -16.805254 -16.597616 -16.667875
6 -1.401161 -1.260923 -0.975242 -1.241136 -1.652194 6.530655
2 -0.331435 1.509206 -0.294754 -0.286418 -0.287309 -0.309290
3 -7.477299 -0.610347 6.731638 0.691375 0.854997 -0.190364
5 -3.514781 -3.195902 -3.627060 -4.085614 17.631668 -3.208313
2 -4.068736 19.373127 -3.843930 -3.819321 -3.794563 -3.846576
1 18.702931 -3.811603 -3.252582 -2.724608 -5.039959 -3.874180
1 83.380325 -16.598135 -16.711451 -16.805254 -16.597616 -16.667875
5 0.238633 0.143723 -0.171613 0.165026 0.536241 -0.912010
2 -4.192743 21.559622 -4.395840 -4.263213 -4.210750 -4.497076
6 -9.239979 -1.551902 -0.763061 -2.799937 -1.402620 15.757499
3 -4.953308 -4.922037 26.411547 -6.118223 -5.537141 -4.880839
3 -8.915787 0.861073 3.329333 1.887206 1.019572 1.818602
3 3.000349 -2.257352 6.613493 -3.443315 -1.897445 -2.015729
6 -6.077709 -2.204180 -1.575594 -2.718837 -2.904444 15.480764
6 -10.206071 1.886120 3.260103 -0.252415 2.017578 3.294686
1 23.033115 -4.304821 -5.581678 -3.614917 -3.812000 -5.719700
6 -0.994306 -0.884261 -0.859254 -0.861928 -0.927869 4.527618
1 5.488280 -1.160588 -0.262219 -0.923969 -1.697844 -1.443660
4 -27.592633 3.869152 6.788140 6.954298 5.153205 4.827838
1 10.011693 -3.602559 1.674016 -2.455370 -3.045579 -2.582200
1 56.532650 -11.512877 -11.526703 -11.127738 -10.856316 -11.509017
1 0.000000 0.000000 0.000000 0.000000 0.000000 0.000000
2 -1.305711 6.349679 -1.178797 -1.206537 -1.233476 -1.425157
1 83.380325 -16.598135 -16.711451 -16.805254 -16.597616 -16.667875
5 -7.850175 -2.014377 -1.805687 -1.669565 15.418800 -2.078996
1 0.000000 0.000000 0.000000 0.000000 0.000000 0.000000
6 -5.454404 -0.491439 -1.692316 -0.142377 0.238874 7.541662
3 -0.097208 0.098994 0.272457 0.063855 -0.308695 -0.029402
1 9.296952 -2.571118 -2.189265 -0.863783 -1.171593 -2.501193
1 33.218607 15.083180 -12.197755 -12.057993 -12.213702 -11.832339
1 13.056398 -2.217323 -2.669173 -2.457870 -2.765697 -2.946335
1 28.158218 -5.740807 -4.513204 -6.066527 -6.070390 -5.767291
5 -0.034931 -0.246769 -0.012970 -0.223321 0.482938 0.035053
4 -10.714847 -2.281279 -2.792204 19.818905 -1.798336 -2.232241
4 -16.681993 3.249116 2.631832 3.638819 3.618463 3.543763
2 -6.349881 3.242819 -2.926449 2.152705 2.484129 1.396677
6 3.236765 -2.332873 -2.400071 -2.400892 -1.933747 5.830818
1 33.926336 -9.324011 4.753353 -11.184702 -9.009175 -9.161804
1 83.380325 -16.598135 -16.711451 -16.805254 -16.597616 -16.667875
3 -12.039333 0.908617 8.582651 -0.269258 1.527658 1.289664
1 0.000000 0.000000 0.000000 0.000000 0.000000 0.000000
4 -5.423958 -1.186064 -1.339275 8.729166 -0.919157 0.139289
1 3.777571 -1.895631 -0.885933 -0.874550 -1.186234 1.064776
1 4.901554 -0.831031 -1.318378 0.407225 0.214362 -3.373732
2 -1.535737 0.480807 0.443199 0.088575 0.214235 0.308921
6 -6.232541 -2.726577 4.201978 -2.733382 -1.408466 8.898987
3 -0.069037 -0.577482 5.437284 -0.899413 -1.744628 -2.146724
5 -7.918116 1.421621 -0.097200 0.640880 3.694553 2.258260
3 -13.444927 0.202161 11.805042 0.271192 0.883877 0.282654
3 -0.035408 -0.305009 1.052412 0.403933 -0.679527 -0.436401
3 -7.479206 -3.555936 21.250240 -3.282721 -3.503876 -3.428501
4 -1.572868 -1.483223 -1.799773 9.173633 -1.633709 -2.684059
3 -16.373202 2.639330 6.471417 2.963481 2.786481 1.512495
1 55.858193 -11.110791 -11.295910 -11.608942 -10.920596 -10.921956
1 83.380325 -16.598135 -16.711451 -16.805254 -16.597616 -16.667875
1 27.797554 -6.381295 -3.226731 -0.981816 -7.492262 -9.715453
5 -4.115035 -4.107578 -2.334655 -4.145787 18.736109 -4.033053
5 -5.931632 -6.137962 12.192294 -6.443575 12.422114 -6.101239
5 0.214851 0.412881 -1.695571 0.373044 1.248834 -0.554039
4 -8.979860 -4.699467 -4.738299 21.126081 -4.459285 1.750831
1 83.380325 -16.598135 -16.711451 -16.805254 -16.597616 -16.667875
1 8.882509 -1.562591 -2.086098 -1.739763 -1.583062 -1.910995
1 52.237016 -10.342001 -10.730886 -10.049171 -10.771381 -10.343577
1 83.380325 -16.598135 -16.711451 -16.805254 -16.597616 -16.667875
3 -0.097208 0.098994 0.272457 0.063855 -0.308695 -0.029402
6 2.488485 -4.438539 -4.822616 -5.509126 -4.601323 16.883119
4 -2.179751 -2.246265 -1.966673 10.862667 -2.309314 -2.160664
1 28.131409 -5.581793 -5.537202 -5.903821 -5.611110 -5.497486
6 -6.583567 -0.464444 0.090208 0.256195 0.187193 6.514416
1 21.482482 -4.019393 -5.036481 -3.104917 -4.931289 -4.390404
1 83.380325 -16.598135 -16.711451 -16.805254 -16.597616 -16.667875
2 -0.328019 1.509206 -0.317531 -0.280242 -0.275364 -0.308050
6 -8.441545 0.299919 -0.256374 0.045202 0.641993 7.710806
3 -0.265732 -0.187206 1.600215 0.055228 -1.328953 0.126449
1 83.575132 -16.899265 -16.947311 -16.243748 -16.797352 -16.687455
1 83.380325 -16.598135 -16.711451 -16.805254 -16.597616 -16.667875
3 -2.968292 -2.514033 14.850496 -4.006011 -2.953382 -2.408779
3 -4.953308 -4.922037 26.411547 -6.118223 -5.537141 -4.880839
1 51.621173 -10.101462 -10.605734 -10.361350 -10.118564 -10.434066
4 -5.912617 0.511397 1.345463 1.388086 1.286731 1.380941
1 0.000000 0.000000 0.000000 0.000000 0.000000 0.000000
1 44.445825 -8.762355 -8.429480 -8.847571 -8.815707 -9.590714
1 33.916805 -10.434061 -11.452284 -10.456283 -10.288889 8.714712
1 83.380325 -16.598135 -16.711451 -16.805254 -16.597616 -16.667875
1 10.417044 -2.100211 -2.262853 -2.181726 -1.909819 -1.962435
1 82.982751 -16.642759 -17.147712 -16.130133 -16.789790 -16.272361
4 -0.537647 -0.515196 -0.829375 2.991571 -0.570951 -0.538401
3 -0.447163 -0.315023 2.099230 -0.290279 -0.683562 -0.363204
3 -6.615926 -1.734847 12.869478 -2.384463 -0.949817 -1.184424
1 6.555189 -1.132917 -1.083534 -1.098743 -0.537886 -2.702110
1 23.959733 -3.720297 -5.364426 -4.196690 -5.327884 -5.350438
3 -2.959380 -2.842046 14.249897 -2.812642 -2.714731 -2.921096
5 -0.260070 0.171292 -1.123254 0.414406 1.013206 -0.215579
3 -8.163793 -0.642442 12.215335 -2.246599 -0.617287 -0.545213
6 -18.076225 1.474942 2.388489 4.696111 1.635541 7.881142
2 -0.925199 4.584635 -1.694523 -0.532463 -1.267760 -0.164690
1 37.383768 -11.712743 -11.955397 -12.084423 -11.976627 10.345423
6 2.665946 -6.070091 -6.308979 -5.969617 -5.904024 21.586763
1 16.708696 -3.315386 -3.455955 -3.204286 -3.334218 -3.398852
1 22.701318 -4.753445 -4.946205 -3.375374 -3.991561 -5.634731
4 -0.401032 -1.261440 0.919253 1.863549 -0.123701 -0.996630
2 -3.771297 19.208821 -3.782447 -3.760138 -3.884201 -4.010738
5 -3.324520 -4.008011 -4.421134 -3.608912 19.368211 -4.005634
1 0.000000 0.000000 0.000000 0.000000 0.000000 0.000000
6 -16.034475 0.852357 1.037596 6.189514 0.225557 7.729452
4 -4.786730 -4.572766 -5.161601 23.642884 -4.496907 -4.624878
1 34.304683 -6.605312 -6.903390 -6.945553 -7.058898 -6.791532
2 -4.777474 25.239944 -5.244539 -5.040861 -5.319687 -4.857382
2 -1.432578 4.741208 -0.267957 -0.144553 -1.414477 -1.481644
3 -11.716002 1.246296 5.178171 2.773960 1.071568 1.446006
1 27.851534 -5.741309 -5.343969 -5.449484 -5.655125 -5.661649
1 83.380325 -16.598135 -16.711451 -16.805254 -16.597616 -16.667875
5 -5.513297 0.847562 0.571183 1.979626 3.025735 -0.910809
3 -4.953308 -4.922037 26.411547 -6.118223 -5.537141 -4.880839
1 44.445825 -8.762355 -8.429480 -8.847571 -8.815707 -9.590714
3 0.165484 -4.608638 18.633375 -4.501999 -4.772292 -4.915929
6 -7.472462 -1.966801 6.127100 -3.146794 -1.718184 8.177141
3 -10.005563 0.141203 7.619329 3.457097 -0.942321 -0.269745
6 -11.070602 0.387293 1.144002 1.262861 0.721734 7.554713
1 31.811370 -8.183115 2.335540 -9.730357 -7.953450 -8.279992
6 -0.994306 -0.884261 -0.859254 -0.861928 -0.927869 4.527618
4 -0.306090 0.948816 -2.260709 2.290968 -0.307280 -0.365705
3 -2.755598 -2.763615 14.290825 -2.847474 -3.070106 -2.854032
1 54.263887 -10.776400 -10.967714 -10.950606 -10.839006 -10.730164
1 32.207407 -11.446263 -11.742587 -12.417002 -11.321966 14.720409
1 0.000000 0.000000 0.000000 0.000000 0.000000 0.000000
6 -2.133601 -2.144769 -4.510191 -2.126864 -2.286344 13.201769
1 25.026804 -4.750987 -5.605026 -5.769512 -4.561969 -4.339311
1 56.532650 -11.512877 -11.526703 -11.127738 -10.856316 -11.509017
1 83.380325 -16.598135 -16.711451 -16.805254 -16.597616 -16.667875
4 -13.056029 2.382693 2.149911 5.254861 1.327786 1.940778
4 -0.722053 1.222134 -0.342819 1.269714 -1.269099 -0.157878
4 -27.407004 4.812196 6.423346 7.104676 6.087828 2.978959
5 -18.502020 -0.043062 1.174749 0.867525 11.870574 4.632236
4 -6.780304 -1.737980 -1.807632 14.301182 -2.036130 -1.939135
3 -2.968292 -2.514033 14.850496 -4.006011 -2.953382 -2.408779
1 32.645351 -6.350678 -6.137634 -6.636650 -6.675404 -6.844987
1 0.892389 -0.211135 -0.141384 -0.163746 -0.208461 -0.167663
6 -3.339748 -3.153626 -3.050843 -3.412080 -3.236757 16.193054
1 1.463745 -0.643456 0.343999 0.590935 -1.402890 -0.352333
1 16.616407 -3.488542 -2.418647 -2.472410 -2.398116 -5.838693
2 -6.349881 3.242819 -2.926449 2.152705 2.484129 1.396677
1 32.207407 -11.446263 -11.742587 -12.417002 -11.321966 14.720409
2 -6.458409 7.623980 -0.892429 -1.230126 0.397806 0.559179
3 -2.530155 -0.151276 4.410269 -0.467662 -0.328592 -0.932585
3 -3.585166 -3.766359 18.137131 -3.315797 -3.815363 -3.654445
1 16.521671 -4.576865 2.867358 -6.476730 -4.230633 -4.104803
3 -6.011749 0.216525 2.388799 0.855967 1.844910 0.705548
1 0.000000 0.000000 0.000000 0.000000 0.000000 0.000000
1 10.412666 -1.719072 -1.977817 -1.932973 -2.402391 -2.380413
2 -4.516158 1.230752 0.993901 0.224556 1.077664 0.989285
1 56.532650 -11.512877 -11.526703 -11.127738 -10.856316 -11.509017
1 83.380325 -16.598135 -16.711451 -16.805254 -16.597616 -16.667875
1 83.380325 -16.598135 -16.711451 -16.805254 -16.597616 -16.667875
1 83.380325 -16.598135 -16.711451 -16.805254 -16.597616 -16.667875
3 -0.866784 -1.477834 4.961864 -0.870138 -0.777887 -0.969220
4 -2.466547 -2.657944 -2.435439 12.537132 -2.493213 -2.483989
3 -0.097208 0.098994 0.272457 0.063855 -0.308695 -0.029402
1 44.445825 -8.762355 -8.429480 -8.847571 -8.815707 -9.590714
1 56.532650 -11.512877 -11.526703 -11.127738 -10.856316 -11.509017
3 -11.278993 1.789221 3.961446 1.349516 2.602519 1.576290
1 83.380325 -16.598135 -16.711451 -16.805254 -16.597616 -16.667875
1 83.380325 -16.598135 -16.711451 -16.805254 -16.597616 -16.667875
1 4.017298 -0.892453 -2.437199 -0.332997 -0.188979 -0.165670
2 0.000000 1.495777 -0.601278 -0.646363 0.187317 -0.435453
6 -1.810828 -2.260201 -3.178314 -2.908342 0.071948 10.085736
1 83.380325 -16.598135 -16.711451 -16.805254 -16.597616 -16.667875
1 7.208314 -2.639745 4.908449 -3.835585 -3.110577 -2.530858
1 88.395677 -17.827037 -17.891133 -17.579173 -17.242853 -17.855484
1 16.708696 -3.315386 -3.455955 -3.204286 -3.334218 -3.398852
4 0.004127 0.069181 -0.667908 0.247063 0.226851 0.120686
4 -8.163859 0.775960 2.192625 2.991641 1.655108 0.548525
3 -2.826238 0.103995 2.545959 -0.557741 -0.199242 0.933267
3 -10.478400 -0.912048 15.574480 -2.957864 -0.545164 -0.681004
1 83.380325 -16.598135 -16.711451 -16.805254 -16.597616 -16.667875
1 26.800204 -4.834826 -5.879115 -5.594822 -4.782882 -5.708559
1 27.851534 -5.741309 -5.343969 -5.449484 -5.655125 -5.661649
1 51.621173 -10.101462 -10.605734 -10.361350 -10.118564 -10.434066
1 51.621173 -10.101462 -10.605734 -10.361350 -10.118564 -10.434066
5 -29.561680 6.035955 6.478000 5.755870 8.956735 2.335121
1 83.380325 -16.598135 -16.711451 -16.805254 -16.597616 -16.667875
4 0.227327 -1.428996 0.643273 1.697476 -0.456540 -0.682540
2 -3.572595 10.974247 -1.834879 -1.891826 -1.856794 -1.818153
1 0.000000 0.000000 0.000000 0.000000 0.000000 0.000000
4 -0.331435 -0.294754 -0.286418 1.509206 -0.287309 -0.309290
1 83.380325 -16.598135 -16.711451 -16.805254 -16.597616 -16.667875
3 -2.959380 -2.842046 14.249897 -2.812642 -2.714731 -2.921096
1 15.490573 -2.612801 -3.121095 -3.149721 -3.276901 -3.330055
4 -12.166355 2.424731 2.096434 2.683192 2.411952 2.550046
2 -4.192743 21.559622 -4.395840 -4.263213 -4.210750 -4.497076
5 -9.192869 0.993877 1.999460 0.691475 5.595784 -0.087728
6 -2.754958 -0.419208 -2.202774 -0.329798 -0.291934 5.998672
2 0.000000 2.658283 -1.185153 -1.146752 -0.200097 -0.126281
1 8.882509 -1.562591 -2.086098 -1.739763 -1.583062 -1.910995
1 83.380325 -16.598135 -16.711451 -16.805254 -16.597616 -16.667875
2 -4.192743 21.559622 -4.395840 -4.263213 -4.210750 -4.497076
1 14.822513 -2.122607 -1.963075 -3.191805 -3.169485 -4.375542
6 -7.552329 -1.119672 -1.027960 -1.127708 -0.723098 11.550768
3 -0.097208 0.098994 0.272457 0.063855 -0.308695 -0.029402
1 32.759560 10.526540 -11.352785 -10.369334 -11.162655 -10.401326
4 -4.091231 -0.087552 0.475626 3.381691 0.813232 -0.491766
1 23.813034 -4.740827 -4.968796 -4.869846 -4.647795 -4.585769
6 -1.697966 1.020389 -2.095484 1.924294 -1.700610 2.549377
2 -1.916372 2.284941 0.275380 -0.175912 -0.468037 0.000000
5 -2.795052 -0.288821 -0.126953 1.183527 1.524437 0.502862
2 -9.703373 15.693449 -2.907251 -1.045764 -0.578906 -1.458153
3 -1.459026 -0.433172 1.426867 0.170978 0.413281 -0.118928
1 83.380325 -16.598135 -16.711451 -16.805254 -16.597616 -16.667875
4 -6.386059 -4.602919 -4.827673 25.158426 -4.523600 -4.818176
1 82.982751 -16.642759 -17.147712 -16.130133 -16.789790 -16.272361
2 -3.771297 19.208821 -3.782447 -3.760138 -3.884201 -4.010738
4 -12.305213 -3.055379 -3.400658 24.865277 -3.054231 -3.049797
1 56.532650 -11.512877 -11.526703 -11.127738 -10.856316 -11.509017
3 -3.021989 -0.254169 5.195345 -0.615941 -0.184870 -1.118376
3 1.000857 -1.515663 3.151537 -0.919281 -0.844662 -0.872788
3 -0.097208 0.098994 0.272457 0.063855 -0.308695 -0.029402
1 83.380325 -16.598135 -16.711451 -16.805254 -16.597616 -16.667875
3 -22.227201 1.979668 8.556006 2.194130 2.828274 6.669123
4 -2.466547 -2.657944 -2.435439 12.537132 -2.493213 -2.483989
1 9.667423 0.378929 -3.280296 -1.563320 -2.663586 -2.539151
1 2.949662 -0.560381 -3.005945 0.030626 0.237919 0.348119
1 83.380325 -16.598135 -16.711451 -16.805254 -16.597616 -16.667875
4 -6.989439 -6.746345 -6.822269 34.238392 -6.803210 -6.877127
6 -1.984644 -3.113620 -3.447212 3.446682 -3.607790 8.706586
5 -10.187755 2.223203 1.940006 1.814475 3.779062 0.431010
1 83.380325 -16.598135 -16.711451 -16.805254 -16.597616 -16.667875
1 24.835733 -11.445264 -11.655863 21.255080 -11.434433 -11.555255
2 -6.349881 3.242819 -2.926449 2.152705 2.484129 1.396677
1 23.767925 -4.703528 -4.863395 -4.805333 -4.771676 -4.623993
1 6.701536 -1.125844 -1.412104 -1.283545 -1.405656 -1.474387
4 -11.357534 1.079531 1.894227 3.483885 2.662894 2.236995
5 -12.369240 2.464419 1.663869 1.996115 4.355929 1.888908
4 -0.646668 0.477635 0.544615 0.625974 -1.491401 0.489845
5 -7.001261 -1.887159 -3.562296 -2.143047 17.133583 -2.539818
3 -6.123505 0.973905 3.010423 1.428951 1.442776 -0.732549
2 -4.068736 19.373127 -3.843930 -3.819321 -3.794563 -3.846576
1 83.380325 -16.598135 -16.711451 -16.805254 -16.597616 -16.667875
5 -3.324520 -4.008011 -4.421134 -3.608912 19.368211 -4.005634
2 -1.713147 9.055237 -1.825982 -1.802189 -1.811542 -1.902377
4 -12.166355 2.424731 2.096434 2.683192 2.411952 2.550046
6 -12.754088 0.350118 -3.218316 0.042030 0.165099 15.415158
4 -6.780304 -1.737980 -1.807632 14.301182 -2.036130 -1.939135
5 -10.141764 -1.882502 -2.781100 -1.797061 19.807270 -3.204843
5 0.754380 -0.708990 -0.767646 -0.423142 1.593893 -0.448496
1 1.501310 -0.459388 0.103494 0.947922 -2.143461 0.050123
5 0.049044 0.255430 -0.097026 0.089961 0.345389 -0.642797
1 61.167131 -12.191842 -13.851967 -11.607917 -11.989224 -11.526184
3 -2.719944 -2.723468 14.470198 -2.864711 -3.429999 -2.732076
3 -2.567191 0.841962 0.923739 -0.061705 0.234888 0.628307
3 -12.556358 -2.986390 25.526956 -4.655861 -3.191280 -2.137067
6 -7.060555 1.529241 0.713906 -0.567765 2.324339 3.060833
1 9.860530 -2.923923 2.390595 -2.826363 -2.790951 -3.709887
1 16.708696 -3.315386 -3.455955 -3.204286 -3.334218 -3.398852
3 -3.809409 -0.396040 6.761309 -0.684517 -0.942707 -0.928636
5 -2.213981 -2.284999 -5.624216 -2.743600 15.678761 -2.811964
1 3.943651 -0.436844 -0.798980 -0.468485 -0.372435 -1.866908
3 -0.851859 -0.248562 1.383783 -0.115497 -0.033248 -0.134616
4 -4.318497 1.823919 -1.451635 3.309734 0.383429 0.253049
1 83.380325 -16.598135 -16.711451 -16.805254 -16.597616 -16.667875
5 -6.934049 0.000000 1.950827 -1.269645 4.847400 1.405468
2 -13.771635 8.860041 -1.914954 -0.278706 -1.099690 8.204945
6 -2.324911 -4.420638 5.178489 -4.170033 -4.486520 10.223613
1 83.380325 -16.598135 -16.711451 -16.805254 -16.597616 -16.667875
1 44.170574 -8.352869 -8.868191 -8.928347 -8.973238 -9.047930
1 27.429203 -5.612454 -5.280129 -5.497799 -5.729339 -5.309484
4 -12.166355 2.424731 2.096434 2.683192 2.411952 2.550046
4 -2.466547 -2.657944 -2.435439 12.537132 -2.493213 -2.483989
1 46.147246 -8.795266 -9.471836 -9.149295 -9.189303 -9.541549
6 -8.441545 0.299919 -0.256374 0.045202 0.641993 7.710806
5 -10.141764 -1.882502 -2.781100 -1.797061 19.807270 -3.204843
1 8.882509 -1.562591 -2.086098 -1.739763 -1.583062 -1.910995
2 -0.331435 1.509206 -0.294754 -0.286418 -0.287309 -0.309290
5 -2.306198 -0.204161 -0.675216 0.916151 2.753291 -0.483867
1 7.582651 -2.096704 2.949498 -2.692407 -2.858805 -2.884232
1 33.218607 15.083180 -12.197755 -12.057993 -12.213702 -11.832339
4 -2.501931 -0.106168 0.172167 2.310192 -0.332647 0.458388
2 -6.349881 3.242819 -2.926449 2.152705 2.484129 1.396677
2 -1.903077 2.927772 2.810821 -1.503543 -2.535411 0.203437
3 -6.729084 0.763896 6.068838 -0.694913 0.925761 -0.334498
1 83.380325 -16.598135 -16.711451 -16.805254 -16.597616 -16.667875
4 -5.423958 -1.186064 -1.339275 8.729166 -0.919157 0.139289
3 -6.046920 -0.773496 9.806244 -1.368082 -0.869381 -0.748365
1 0.000000 0.000000 0.000000 0.000000 0.000000 0.000000
4 -2.996511 0.055670 1.073447 1.322250 0.712677 -0.167533
3 -3.585166 -3.766359 18.137131 -3.315797 -3.815363 -3.654445
1 83.380325 -16.598135 -16.711451 -16.805254 -16.597616 -16.667875
1 1.608394 -0.671728 -0.110729 0.426337 -1.032592 -0.219683
1 3.719778 -0.319716 -1.172268 -1.956532 0.875091 -1.146355
4 5.459872 -6.213154 -4.422959 5.491815 5.375811 -5.691385
1 3.943651 -0.436844 -0.798980 -0.468485 -0.372435 -1.866908
4 -10.856630 0.566080 0.469848 11.445230 -1.014067 -0.610460
1 15.490573 -2.612801 -3.121095 -3.149721 -3.276901 -3.330055
5 -4.500751 -4.505258 -4.353393 -4.464590 23.290417 -5.466424
1 24.179171 -5.513050 -2.678654 -0.824390 -6.681204 -8.481874
4 -1.602827 -0.838203 0.807761 2.429283 0.669324 -1.465339
1 4.629698 0.279935 -3.933597 -0.357437 0.476003 -1.094602
1 83.380325 -16.598135 -16.711451 -16.805254 -16.597616 -16.667875
1 24.978076 -7.962517 -8.286772 7.121862 -8.034571 -7.816081
4 -2.466547 -2.657944 -2.435439 12.537132 -2.493213 -2.483989
3 -10.478400 -0.912048 15.574480 -2.957864 -0.545164 -0.681004
1 51.012569 -10.293302 -10.801381 -9.615902 -10.458055 -9.843932
1 26.528180 -5.594282 -6.821615 -3.781846 -5.181718 -5.148719
4 -2.466547 -2.657944 -2.435439 12.537132 -2.493213 -2.483989
1 13.056398 -2.217323 -2.669173 -2.457870 -2.765697 -2.946335
5 -3.048548 -0.343116 -0.335809 -0.595351 4.547091 -0.224266
2 -4.151273 16.411731 -3.240737 -3.045769 -2.850210 -3.123742
6 -6.738136 14.197856 -7.187852 -7.552696 -6.943600 14.224430
1 16.708696 -3.315386 -3.455955 -3.204286 -3.334218 -3.398852
1 83.380325 -16.598135 -16.711451 -16.805254 -16.597616 -16.667875
1 7.262542 -2.454257 -1.148374 -3.032722 1.045592 -1.672783
3 -0.097208 0.098994 0.272457 0.063855 -0.308695 -0.029402
1 83.380325 -16.598135 -16.711451 -16.805254 -16.597616 -16.667875
1 18.623238 -4.120472 -1.687406 -4.532927 -3.693127 -4.589308
6 0.455789 -3.380691 -3.762033 -3.707853 -3.095173 13.489961
1 3.076898 0.682463 -4.330105 0.222568 0.595483 -0.247308
1 65.143814 -13.563998 -13.125957 -12.524665 -13.036615 -12.892577
3 -1.065487 -2.721257 1.129528 0.644154 1.013274 0.999788
6 -7.552329 -1.119672 -1.027960 -1.127708 -0.723098 11.550768
1 10.417044 -2.100211 -2.262853 -2.181726 -1.909819 -1.962435
1 11.846156 -7.050934 -1.447654 -4.678162 -5.862381 7.192974
1 30.544865 -5.776359 -5.745935 -6.688420 -6.333959 -6.000195
1 40.675276 -9.300276 -9.603718 -1.105624 -10.681130 -9.984530
3 -14.996497 0.002911 11.191400 5.982160 -1.341076 -0.838899
1 83.380325 -16.598135 -16.711451 -16.805254 -16.597616 -16.667875
1 45.879261 -9.212820 -10.600353 -8.836554 -8.606930 -8.622608
4 0.215482 0.116385 -0.676668 2.314562 -1.463091 -0.506669
4 -6.151672 0.474833 3.555050 5.577693 -0.776877 -2.679027
4 -6.780304 -1.737980 -1.807632 14.301182 -2.036130 -1.939135
3 -8.878926 0.277849 7.135833 -0.104939 0.706396 0.863787
3 -8.918820 -4.072824 24.594139 -3.774705 -3.889382 -3.938407
1 83.380325 -16.598135 -16.711451 -16.805254 -16.597616 -16.667875
4 -1.871944 -0.209749 0.675051 0.749054 0.298894 0.358694
4 -1.507702 0.248352 -1.634396 1.324025 0.674688 0.895034
1 83.380325 -16.598135 -16.711451 -16.805254 -16.597616 -16.667875
2 -4.777474 25.239944 -5.244539 -5.040861 -5.319687 -4.857382
3 -1.616471 -1.525575 6.672785 -1.613449 -0.741534 -1.175756
1 33.218607 15.083180 -12.197755 -12.057993 -12.213702 -11.832339
4 -0.743217 -0.704547 -0.862240 3.752732 -0.731057 -0.711671
2 -4.777474 25.239944 -5.244539 -5.040861 -5.319687 -4.857382
1 83.380325 -16.598135 -16.711451 -16.805254 -16.597616 -16.667875
4 -9.514794 2.261436 1.935841 2.277416 2.045322 0.994779
3 -1.615163 -1.661847 8.141501 -1.577706 -1.577360 -1.709426
1 83.380325 -16.598135 -16.711451 -16.805254 -16.597616 -16.667875
1 17.955131 -5.510316 -5.592269 -5.418611 -4.850050 3.416113
1 83.380325 -16.598135 -16.711451 -16.805254 -16.597616 -16.667875
1 7.262542 -2.454257 -1.148374 -3.032722 1.045592 -1.672783
1 61.928337 -12.434414 -12.490072 -11.886097 -12.990022 -12.127730
6 -3.202790 -1.816447 -2.485739 -1.309813 -1.332625 10.147414
1 83.575132 -16.899265 -16.947311 -16.243748 -16.797352 -16.687455
4 -1.721402 0.231195 -2.104455 1.525263 0.992541 1.076858
1 24.179171 -5.513050 -2.678654 -0.824390 -6.681204 -8.481874
1 83.380325 -16.598135 -16.711451 -16.805254 -16.597616 -16.667875
1 14.495902 -3.127796 -6.430203 -5.857177 7.650062 -6.730790
3 -8.787814 -0.106567 8.505244 0.702677 -0.446361 0.132821
1 15.636498 -3.047692 -3.477414 -2.997885 -2.994509 -3.118999
6 0.000000 -1.400272 -2.035162 -1.083573 -0.988444 5.507451
4 -3.656150 -2.802836 -2.534281 14.600016 -2.902361 -2.704389
1 36.729540 -7.212178 -8.968771 -7.026600 -6.801222 -6.720772
4 -16.681993 3.249116 2.631832 3.638819 3.618463 3.543763
3 -3.722607 -3.271297 18.260248 -4.916090 -4.157618 -2.192636
2 -1.305711 6.349679 -1.178797 -1.206537 -1.233476 -1.425157
5 -3.324520 -4.008011 -4.421134 -3.608912 19.368211 -4.005634
4 -5.268395 -2.368389 -1.828850 11.503163 -0.883385 -1.154144
3 -0.707575 -0.145113 1.700212 -1.288755 -0.786067 1.227297
4 0.524751 -2.879729 -2.261579 10.524856 -2.573639 -3.334660
1 0.000000 0.000000 0.000000 0.000000 0.000000 0.000000
4 -7.027806 -2.486128 -5.503047 21.792271 -2.798097 -3.977191
2 -0.925199 4.584635 -1.694523 -0.532463 -1.267760 -0.164690
1 22.122423 -3.910015 -5.991011 -4.575881 -3.387519 -4.257997
1 13.865433 -2.826300 -2.792181 -2.717005 -2.745239 -2.784707
2 -4.777474 25.239944 -5.244539 -5.040861 -5.319687 -4.857382
1 33.218607 15.083180 -12.197755 -12.057993 -12.213702 -11.832339
5 -1.522514 -1.524864 -1.646932 -1.394508 7.479074 -1.390256
6 -4.928047 -0.215915 0.469308 -0.119812 -0.155203 4.949668
1 83.380325 -16.598135 -16.711451 -16.805254 -16.597616 -16.667875
4 -10.017465 -2.609683 3.952469 5.705341 -2.579339 5.548677
2 -4.068736 19.373127 -3.843930 -3.819321 -3.794563 -3.846576
1 33.926336 -9.324011 4.753353 -11.184702 -9.009175 -9.161804
1 8.898657 -1.486180 -1.755265 -2.001908 -1.878794 -1.776510
3 -6.704978 0.967973 2.258609 0.033725 1.591311 1.853360
3 -17.751254 -2.308994 25.518071 -1.786668 -1.719637 -1.951519
1 56.532650 -11.512877 -11.526703 -11.127738 -10.856316 -11.509017
6 -6.646828 -6.484190 -6.659388 -6.260585 -6.439729 32.490719
5 -11.844309 0.305067 2.567542 3.047355 3.083124 2.841220
3 -0.097208 0.098994 0.272457 0.063855 -0.308695 -0.029402
3 -6.731125 -1.955439 8.364160 0.611202 -0.811248 0.522451
3 -5.596727 -3.238857 14.387393 -2.587223 -2.925459 -0.039126
4 -5.274659 1.236915 0.095340 2.750697 0.666303 0.525404
1 83.575132 -16.899265 -16.947311 -16.243748 -16.797352 -16.687455
5 -4.002456 -3.912858 -3.696656 -3.893868 20.324774 -4.818936
1 0.000000 0.000000 0.000000 0.000000 0.000000 0.000000
2 -6.349881 3.242819 -2.926449 2.152705 2.484129 1.396677
5 -1.389632 -1.299511 -1.325752 -1.200955 6.456873 -1.241023
6 0.000000 -0.367634 -0.034513 -0.380711 -1.216903 1.999760
1 82.982751 -16.642759 -17.147712 -16.130133 -16.789790 -16.272361
3 -2.719944 -2.723468 14.470198 -2.864711 -3.429999 -2.732076
1 3.500168 -0.799225 1.109469 -0.903832 -1.816843 -1.089738
1 83.380325 -16.598135 -16.711451 -16.805254 -16.597616 -16.667875
6 -3.572239 -3.558879 -3.667024 -3.416760 -3.473690 17.688593
2 -3.585071 4.722116 -0.650055 0.192241 -0.136125 -0.543106
1 29.309697 6.150366 -9.311949 -8.906327 -8.677457 -8.564329
2 -3.991554 20.852925 -4.166932 -4.117310 -4.558155 -4.018973
5 -6.934049 0.000000 1.950827 -1.269645 4.847400 1.405468
1 51.374344 -9.891673 -10.342637 -10.202013 -10.372897 -10.565127
1 83.380325 -16.598135 -16.711451 -16.805254 -16.597616 -16.667875
1 61.928337 -12.434414 -12.490072 -11.886097 -12.990022 -12.127730
1 33.991745 -6.469126 -6.993899 -6.852048 -6.868729 -6.807945
3 -4.488847 -1.275829 9.190144 -2.312487 -0.517143 -0.595837
1 83.380325 -16.598135 -16.711451 -16.805254 -16.597616 -16.667875
6 -1.843547 0.000000 0.334340 0.000000 -2.075563 3.584769
1 33.218607 15.083180 -12.197755 -12.057993 -12.213702 -11.832339
1 32.759560 10.526540 -11.352785 -10.369334 -11.162655 -10.401326
1 1.965564 -1.741231 0.596810 0.376060 -1.501692 0.304490
5 -0.243139 0.141170 -1.425702 0.436817 1.320163 -0.229309
2 -9.120329 9.519730 0.037854 0.284152 -0.150675 -0.570733
6 -6.233431 -0.609359 0.575809 1.765486 0.013859 4.487636
4 -6.619458 -2.297216 -2.325111 15.953923 -2.265126 -2.447014
1 83.380325 -16.598135 -16.711451 -16.805254 -16.597616 -16.667875
1 83.380325 -16.598135 -16.711451 -16.805254 -16.597616 -16.667875
1 0.000000 0.000000 0.000000 0.000000 0.000000 0.000000
1 34.304683 -6.605312 -6.903390 -6.945553 -7.058898 -6.791532
1 38.909234 7.237048 -11.657281 -11.077712 -12.035808 -11.375478
1 0.000000 0.000000 0.000000 0.000000 0.000000 0.000000
1 83.380325 -16.598135 -16.711451 -16.805254 -16.597616 -16.667875
3 -2.959380 -2.842046 14.249897 -2.812642 -2.714731 -2.921096
3 -10.495265 -0.968047 13.800808 -0.757878 -0.681228 -0.898388
1 16.708696 -3.315386 -3.455955 -3.204286 -3.334218 -3.398852
1 61.928337 -12.434414 -12.490072 -11.886097 -12.990022 -12.127730
1 83.380325 -16.598135 -16.711451 -16.805254 -16.597616 -16.667875
4 -4.840356 0.462258 1.333434 1.665105 0.682400 0.697159
2 -4.527374 21.744473 -4.465011 -4.329796 -4.109904 -4.312388
1 3.320650 -2.832899 0.010212 -0.290793 -0.076982 -0.130188
3 -4.838530 0.683081 4.428191 0.071916 0.072110 -0.416769
5 -14.142872 1.739828 2.779918 2.400689 4.739613 2.482824
1 33.926336 -9.324011 4.753353 -11.184702 -9.009175 -9.161804
1 83.380325 -16.598135 -16.711451 -16.805254 -16.597616 -16.667875
1 30.578944 -6.056963 -5.952577 -5.932808 -6.268541 -6.368057
1 7.351440 -2.888934 1.477391 -3.684345 -1.038156 -1.217397
1 83.380325 -16.598135 -16.711451 -16.805254 -16.597616 -16.667875
1 83.380325 -16.598135 -16.711451 -16.805254 -16.597616 -16.667875
3 -7.562644 -3.228678 17.846718 -2.051675 -1.719748 -3.283972
1 15.907991 -3.212198 -4.228698 -2.795203 -2.816526 -2.855368
1 82.982751 -16.642759 -17.147712 -16.130133 -16.789790 -16.272361
3 -2.755598 -2.763615 14.290825 -2.847474 -3.070106 -2.854032
3 -3.197572 0.799998 1.088893 0.581460 0.440791 0.286431
4 -7.814298 -6.024056 -3.792935 27.365220 -5.674754 -4.059177
1 11.266359 -2.244089 -1.792172 -3.109138 -0.472822 -3.648139
1 38.909234 7.237048 -11.657281 -11.077712 -12.035808 -11.375478
3 -0.667382 -5.435348 23.937909 -6.346301 -5.888308 -5.600570
3 -2.530580 0.138616 2.367785 -0.459798 -0.322331 0.806310
4 -3.656150 -2.802836 -2.534281 14.600016 -2.902361 -2.704389
2 0.973341 1.441006 -3.579129 0.498761 0.852253 -0.186232
5 -4.329666 -0.683521 -0.289729 0.961843 4.622268 -0.281195
1 83.380325 -16.598135 -16.711451 -16.805254 -16.597616 -16.667875
1 83.380325 -16.598135 -16.711451 -16.805254 -16.597616 -16.667875
2 -6.349881 3.242819 -2.926449 2.152705 2.484129 1.396677
3 -12.425233 -1.443985 8.860732 -2.720077 -0.905328 8.633892
6 -3.339748 -3.153626 -3.050843 -3.412080 -3.236757 16.193054
2 -1.713147 9.055237 -1.825982 -1.802189 -1.811542 -1.902377
2 -4.654637 15.585704 -2.355882 -3.004708 -3.115813 -2.454663
2 -4.192743 21.559622 -4.395840 -4.263213 -4.210750 -4.497076
1 83.380325 -16.598135 -16.711451 -16.805254 -16.597616 -16.667875
1 16.708696 -3.315386 -3.455955 -3.204286 -3.334218 -3.398852
6 -4.753460 -4.653031 -4.927434 -5.631807 -4.515053 24.480785
1 12.715069 -2.269461 -2.135593 -2.611706 -2.577135 -3.121173
1 83.380325 -16.598135 -16.711451 -16.805254 -16.597616 -16.667875
1 83.380325 -16.598135 -16.711451 -16.805254 -16.597616 -16.667875
3 -3.638022 -3.251263 16.433152 -3.180216 -3.276013 -3.087638
6 0.000000 0.093805 -0.191348 -0.247841 0.145535 0.199849
3 -8.521479 -2.574207 21.146074 -4.979215 -2.717197 -2.353976
5 -0.243139 0.141170 -1.425702 0.436817 1.320163 -0.229309
1 33.218607 15.083180 -12.197755 -12.057993 -12.213702 -11.832339
3 -3.021989 -0.254169 5.195345 -0.615941 -0.184870 -1.118376
5 -4.846372 0.707649 -0.133208 0.337436 4.652314 -0.717819
1 24.539510 -6.441284 2.587831 -6.911367 -6.339650 -7.435038
1 11.813589 -3.512701 1.443222 -2.216986 -4.348696 -3.178429
3 -4.742398 0.397199 4.109724 0.187394 1.319567 -1.271487
1 83.380325 -16.598135 -16.711451 -16.805254 -16.597616 -16.667875
4 -4.786730 -4.572766 -5.161601 23.642884 -4.496907 -4.624878
1 83.380325 -16.598135 -16.711451 -16.805254 -16.597616 -16.667875
1 83.380325 -16.598135 -16.711451 -16.805254 -16.597616 -16.667875
1 61.928337 -12.434414 -12.490072 -11.886097 -12.990022 -12.127730
1 33.935029 10.226007 -11.108792 -10.866529 -11.182506 -11.003211
5 -5.733148 0.041601 0.114496 -0.120101 5.308990 0.388163
1 4.901554 -0.831031 -1.318378 0.407225 0.214362 -3.373732
6 -1.843547 0.000000 0.334340 0.000000 -2.075563 3.584769
1 83.380325 -16.598135 -16.711451 -16.805254 -16.597616 -16.667875
1 6.701536 -1.125844 -1.412104 -1.283545 -1.405656 -1.474387
4 0.215482 0.116385 -0.676668 2.314562 -1.463091 -0.506669
1 28.962284 -8.134624 -8.100418 -8.230770 -7.776205 3.279730
1 10.417044 -2.100211 -2.262853 -2.181726 -1.909819 -1.962435
5 -4.388223 1.071887 1.070986 1.097912 2.867429 -1.719991
1 27.797554 -6.381295 -3.226731 -0.981816 -7.492262 -9.715453
3 -3.437662 -1.701746 1.370267 1.299222 1.354519 1.115401
3 -0.422894 -0.262937 1.068115 -0.057014 0.000000 -0.325270
3 -0.331435 -0.294754 1.509206 -0.286418 -0.287309 -0.309290
4 -4.038246 -3.182415 -2.968863 16.287813 -3.090044 -3.008245
4 0.215482 0.116385 -0.676668 2.314562 -1.463091 -0.506669
5 -3.048548 -0.343116 -0.335809 -0.595351 4.547091 -0.224266
1 8.772475 -1.750211 0.432555 -2.273865 -1.876383 -3.304571
5 -13.623434 3.080449 3.492930 1.482408 3.842176 1.725471
5 -2.035859 -0.171954 0.000000 0.864265 1.343548 0.000000
3 -11.674682 1.298802 5.026215 1.379538 3.284119 0.686009
1 82.982751 -16.642759 -17.147712 -16.130133 -16.789790 -16.272361
3 -11.427849 -1.669293 16.743269 -1.004831 -0.863526 -1.777769
6 -3.339748 -3.153626 -3.050843 -3.412080 -3.236757 16.193054
1 83.380325 -16.598135 -16.711451 -16.805254 -16.597616 -16.667875
1 82.982751 -16.642759 -17.147712 -16.130133 -16.789790 -16.272361
1 83.380325 -16.598135 -16.711451 -16.805254 -16.597616 -16.667875
3 -5.756380 -0.400102 8.018766 2.191919 -1.487805 -2.566398
4 -5.029529 2.688868 -1.698121 2.729943 1.139691 0.169148
1 10.633939 -2.058092 -3.817364 -0.322962 -1.965033 -2.470490
5 -15.355814 1.834583 2.374165 3.052419 6.572794 1.521854
6 -6.646828 -6.484190 -6.659388 -6.260585 -6.439729 32.490719
1 79.385045 -15.619430 -15.996607 -15.494686 -16.346996 -15.927327
6 2.665946 -6.070091 -6.308979 -5.969617 -5.904024 21.586763
3 -2.826238 0.103995 2.545959 -0.557741 -0.199242 0.933267
5 -5.248497 -5.363605 -5.210423 -5.439758 26.477436 -5.215150
6 -5.801564 -0.696600 -0.749719 -0.767643 -0.340612 8.356138
1 12.536304 -2.145147 -2.689980 -2.652169 -2.456743 -2.592265
1 8.882509 -1.562591 -2.086098 -1.739763 -1.583062 -1.910995
3 -0.097208 0.098994 0.272457 0.063855 -0.308695 -0.029402
5 -0.281354 -1.397033 -0.887721 -0.523860 5.311079 -2.221113
6 -1.650059 -1.767404 -3.689747 -1.745489 -1.725690 10.578389
2 -0.790476 4.271377 -0.813610 -1.068927 -0.799875 -0.798489
1 16.127409 -5.001302 -3.190101 0.136272 -4.700636 -3.371644
5 -7.850175 -2.014377 -1.805687 -1.669565 15.418800 -2.078996
1 8.882509 -1.562591 -2.086098 -1.739763 -1.583062 -1.910995
2 -6.349881 3.242819 -2.926449 2.152705 2.484129 1.396677
5 -2.245681 -0.578519 -0.677053 -0.563175 4.989821 -0.925393
1 83.380325 -16.598135 -16.711451 -16.805254 -16.597616 -16.667875
2 -1.460181 9.260995 -3.906279 -0.397560 -2.284538 -1.212435
4 -2.466547 -2.657944 -2.435439 12.537132 -2.493213 -2.483989
3 -15.728346 1.452485 10.848434 0.870594 1.650074 0.906759
1 16.616407 -3.488542 -2.418647 -2.472410 -2.398116 -5.838693
5 -2.773182 0.378808 -0.950408 1.015533 1.661208 0.668041
3 -12.770353 -2.538006 14.662717 -2.189410 -2.307094 5.142147
3 -8.918820 -4.072824 24.594139 -3.774705 -3.889382 -3.938407
1 8.882509 -1.562591 -2.086098 -1.739763 -1.583062 -1.910995
1 82.982751 -16.642759 -17.147712 -16.130133 -16.789790 -16.272361
6 -4.753460 -4.653031 -4.927434 -5.631807 -4.515053 24.480785
6 -16.133962 1.036793 1.307058 1.725214 1.926295 10.138602
1 83.380325 -16.598135 -16.711451 -16.805254 -16.597616 -16.667875
1 83.380325 -16.598135 -16.711451 -16.805254 -16.597616 -16.667875
6 -0.994306 -0.884261 -0.859254 -0.861928 -0.927869 4.527618
1 61.928337 -12.434414 -12.490072 -11.886097 -12.990022 -12.127730
1 83.380325 -16.598135 -16.711451 -16.805254 -16.597616 -16.667875
1 83.380325 -16.598135 -16.711451 -16.805254 -16.597616 -16.667875
2 -4.777474 25.239944 -5.244539 -5.040861 -5.319687 -4.857382
1 83.380325 -16.598135 -16.711451 -16.805254 -16.597616 -16.667875
2 -15.211645 4.551829 -0.711859 3.926154 4.176265 3.269256
3 -8.196929 1.207952 2.676150 2.056938 1.953302 0.302587
1 83.380325 -16.598135 -16.711451 -16.805254 -16.597616 -16.667875
3 -1.023594 -1.153826 6.255048 -1.175572 -1.263601 -1.638455
1 83.380325 -16.598135 -16.711451 -16.805254 -16.597616 -16.667875
3 -10.384949 -4.829710 28.634390 -4.459193 -4.366470 -4.594067
6 0.000000 0.093805 -0.191348 -0.247841 0.145535 0.199849
6 3.302795 -2.064166 -3.676322 -2.154373 -2.222133 6.814200
1 20.290698 -3.398851 -5.423229 -3.918941 -3.256187 -4.293492
2 -1.442446 1.555819 -2.288877 1.379255 0.880197 -0.083948
6 -17.998332 1.805958 2.751281 4.523805 1.590845 7.326444
5 -2.943233 1.405016 -2.382756 0.998929 1.477595 1.444450
2 -4.527374 21.744473 -4.465011 -4.329796 -4.109904 -4.312388
3 -11.309897 1.494545 4.750467 1.164433 2.429265 1.471186
1 0.000000 0.000000 0.000000 0.000000 0.000000 0.000000
2 -1.713147 9.055237 -1.825982 -1.802189 -1.811542 -1.902377
1 61.928337 -12.434414 -12.490072 -11.886097 -12.990022 -12.127730
1 47.074676 -9.119231 -9.409990 -9.671766 -9.465451 -9.408240
1 61.928337 -12.434414 -12.490072 -11.886097 -12.990022 -12.127730
1 4.728408 -2.077133 2.868603 -1.908860 -1.760731 -1.850287
5 -3.978378 2.045371 -2.888561 1.633358 2.540274 0.647936
3 -5.734081 -3.924148 23.529310 -5.071410 -4.349333 -4.450339
5 -2.985148 -0.660977 -0.235728 0.663157 3.439020 -0.220324
4 -2.721286 -4.517754 -4.750698 20.795019 -4.173565 -4.631717
2 -4.777474 25.239944 -5.244539 -5.040861 -5.319687 -4.857382
1 83.380325 -16.598135 -16.711451 -16.805254 -16.597616 -16.667875
1 0.000000 0.000000 0.000000 0.000000 0.000000 0.000000
1 83.380325 -16.598135 -16.711451 -16.805254 -16.597616 -16.667875
1 82.982751 -16.642759 -17.147712 -16.130133 -16.789790 -16.272361
5 -5.248497 -5.363605 -5.210423 -5.439758 26.477436 -5.215150
3 -11.713162 1.813273 8.181447 -0.361932 1.491203 0.589171
1 83.380325 -16.598135 -16.711451 -16.805254 -16.597616 -16.667875
6 -6.052946 -4.182472 -1.802030 -2.603948 -3.645976 18.287372
1 83.380325 -16.598135 -16.711451 -16.805254 -16.597616 -16.667875
4 -7.027806 -2.486128 -5.503047 21.792271 -2.798097 -3.977191
5 -1.522514 -1.524864 -1.646932 -1.394508 7.479074 -1.390256
1 8.882509 -1.562591 -2.086098 -1.739763 -1.583062 -1.910995
1 8.882509 -1.562591 -2.086098 -1.739763 -1.583062 -1.910995
1 83.380325 -16.598135 -16.711451 -16.805254 -16.597616 -16.667875
1 8.882509 -1.562591 -2.086098 -1.739763 -1.583062 -1.910995
2 -11.153635 6.259491 -1.370632 0.722274 0.112192 5.430310
1 1.824295 1.235293 -3.308773 0.100624 0.421730 -0.273169
1 83.380325 -16.598135 -16.711451 -16.805254 -16.597616 -16.667875
3 -0.097208 0.098994 0.272457 0.063855 -0.308695 -0.029402
4 -21.655764 3.521447 5.030399 5.567112 5.414134 2.122673
1 0.000000 0.000000 0.000000 0.000000 0.000000 0.000000
3 -3.993842 -0.111329 3.921466 0.130234 0.269869 -0.216398
1 15.077516 -3.198087 -3.427192 -2.067281 -1.915996 -4.468962
4 -6.738165 0.609416 -5.228213 21.791687 -5.238985 -5.195738
5 0.049044 0.255430 -0.097026 0.089961 0.345389 -0.642797
1 13.719039 -3.122339 -2.236546 -1.750646 -3.841216 -2.768293
5 -2.245681 -0.578519 -0.677053 -0.563175 4.989821 -0.925393
1 30.578944 -6.056963 -5.952577 -5.932808 -6.268541 -6.368057
6 -6.646828 -6.484190 -6.659388 -6.260585 -6.439729 32.490719
1 27.048281 1.031747 -7.190844 -7.061534 -6.896744 -6.930907
1 8.898657 -1.486180 -1.755265 -2.001908 -1.878794 -1.776510
5 -6.934049 0.000000 1.950827 -1.269645 4.847400 1.405468
3 -0.379482 -0.549906 3.434686 2.378407 -1.120056 -3.763649
1 8.882509 -1.562591 -2.086098 -1.739763 -1.583062 -1.910995
3 -0.097208 0.098994 0.272457 0.063855 -0.308695 -0.029402
6 -1.879330 -1.025517 -1.919958 -1.636605 -1.656485 8.117895
5 -3.514781 -3.195902 -3.627060 -4.085614 17.631668 -3.208313
3 -1.948516 -2.132924 10.305810 -1.014243 -2.925197 -2.284929
4 0.215482 0.116385 -0.676668 2.314562 -1.463091 -0.506669
1 12.536304 -2.145147 -2.689980 -2.652169 -2.456743 -2.592265
1 83.380325 -16.598135 -16.711451 -16.805254 -16.597616 -16.667875
4 -7.169468 0.496913 4.009716 6.515515 -0.722421 -3.130256
3 -13.444927 0.202161 11.805042 0.271192 0.883877 0.282654
3 -4.025116 0.755561 1.751219 0.850548 -0.226785 0.894574
6 -3.078538 -0.873001 1.446133 -1.541701 -1.465421 5.512528
1 47.997843 -9.695940 -10.791088 -8.913349 -9.621758 -8.975707
4 -11.455466 1.971650 0.505650 3.805372 2.872464 2.300328
4 -2.361913 0.455358 -0.410756 0.914736 0.807200 0.595375
4 3.303629 -2.675551 -1.498045 6.823673 -2.835119 -3.118588
1 83.380325 -16.598135 -16.711451 -16.805254 -16.597616 -16.667875
1 83.380325 -16.598135 -16.711451 -16.805254 -16.597616 -16.667875
3 -8.918820 -4.072824 24.594139 -3.774705 -3.889382 -3.938407
5 -3.514781 -3.195902 -3.627060 -4.085614 17.631668 -3.208313
3 -6.615926 -1.734847 12.869478 -2.384463 -0.949817 -1.184424
6 -10.206071 1.886120 3.260103 -0.252415 2.017578 3.294686
3 -7.055266 0.160323 2.665254 1.350560 1.201176 1.677953
2 -0.925199 4.584635 -1.694523 -0.532463 -1.267760 -0.164690
5 -5.248497 -5.363605 -5.210423 -5.439758 26.477436 -5.215150
1 7.135767 -1.143033 -1.258417 -1.580597 -1.700414 -1.453306
3 -11.738701 -3.602644 23.813773 -3.626547 -2.279243 -2.566637
1 24.166754 -4.612106 -4.904353 -5.011680 -4.908953 -4.729663
1 8.882509 -1.562591 -2.086098 -1.739763 -1.583062 -1.910995
1 83.380325 -16.598135 -16.711451 -16.805254 -16.597616 -16.667875
3 -5.748201 1.144183 2.359475 1.521387 1.470667 -0.747510
6 -8.021665 -1.737022 0.867999 0.487043 -1.023327 9.426971
1 83.380325 -16.598135 -16.711451 -16.805254 -16.597616 -16.667875
1 83.380325 -16.598135 -16.711451 -16.805254 -16.597616 -16.667875
1 8.882509 -1.562591 -2.086098 -1.739763 -1.583062 -1.910995
3 -13.936230 1.433557 5.949219 2.783948 2.902970 0.866536
1 9.521956 -5.359677 8.743072 -5.931035 -4.637869 -2.336449
1 61.928337 -12.434414 -12.490072 -11.886097 -12.990022 -12.127730
3 -20.101076 3.195779 5.752650 3.047097 5.105033 3.000517
4 -0.049910 -1.531801 -0.346444 7.211311 -2.031735 -3.251421
1 31.694322 -7.384371 -1.525708 -7.083055 -7.564204 -8.136984
3 -10.790934 0.491884 9.872538 1.958530 -0.831042 -0.700976
2 -4.777474 25.239944 -5.244539 -5.040861 -5.319687 -4.857382
1 14.397276 -2.816697 -2.851068 -2.738298 -3.037835 -2.953377
2 -4.192743 21.559622 -4.395840 -4.263213 -4.210750 -4.497076
1 1.643724 0.744199 -0.997138 0.279346 -0.756691 -0.913440
1 83.380325 -16.598135 -16.711451 -16.805254 -16.597616 -16.667875
1 8.882509 -1.562591 -2.086098 -1.739763 -1.583062 -1.910995
5 -8.506910 0.400970 4.573960 -1.000563 4.879678 -0.347134
2 -0.925199 4.584635 -1.694523 -0.532463 -1.267760 -0.164690
6 -1.547643 -1.562363 -3.340616 -1.538145 -1.591673 9.580439
1 83.380325 -16.598135 -16.711451 -16.805254 -16.597616 -16.667875
2 -6.349881 3.242819 -2.926449 2.152705 2.484129 1.396677
2 -1.305711 6.349679 -1.178797 -1.206537 -1.233476 -1.425157
1 15.490573 -2.612801 -3.121095 -3.149721 -3.276901 -3.330055
4 -0.537647 -0.515196 -0.829375 2.991571 -0.570951 -0.538401
4 -6.112534 -5.769504 -5.951236 29.451607 -5.758069 -5.860265
3 3.000349 -2.257352 6.613493 -3.443315 -1.897445 -2.015729
3 -1.615163 -1.661847 8.141501 -1.577706 -1.577360 -1.709426
2 -4.527374 21.744473 -4.465011 -4.329796 -4.109904 -4.312388
4 -6.112534 -5.769504 -5.951236 29.451607 -5.758069 -5.860265
1 38.909234 7.237048 -11.657281 -11.077712 -12.035808 -11.375478
3 -10.495265 -0.968047 13.800808 -0.757878 -0.681228 -0.898388
3 -0.097208 0.098994 0.272457 0.063855 -0.308695 -0.029402
1 3.161951 -0.816812 -0.337213 0.228343 0.275245 -2.511515
1 13.858412 -4.128837 2.726456 -4.387699 -3.915487 -4.152845
1 3.064509 -0.632165 -1.725049 -0.218966 -0.340962 -0.147367
6 -4.506635 -2.075044 -3.387562 -2.084359 -2.836113 14.889713
1 34.304683 -6.605312 -6.903390 -6.945553 -7.058898 -6.791532
2 -4.777474 25.239944 -5.244539 -5.040861 -5.319687 -4.857382
1 8.882509 -1.562591 -2.086098 -1.739763 -1.583062 -1.910995
4 -7.682659 1.802313 1.408214 2.196602 1.272196 1.003333
3 -7.063997 2.230167 2.277781 1.244543 0.376830 0.934676
3 -4.288008 1.144074 3.316231 -0.152836 0.345682 -0.365143
3 -6.574351 -0.497479 9.498833 -0.130075 -1.470959 -0.825969
4 0.000000 -1.214220 -1.122043 2.799624 -0.375050 -0.088311
2 -0.925199 4.584635 -1.694523 -0.532463 -1.267760 -0.164690
1 83.380325 -16.598135 -16.711451 -16.805254 -16.597616 -16.667875
1 83.380325 -16.598135 -16.711451 -16.805254 -16.597616 -16.667875
6 -11.004995 0.690527 2.457367 0.519565 3.626540 3.710995
3 -2.719944 -2.723468 14.470198 -2.864711 -3.429999 -2.732076
1 83.380325 -16.598135 -16.711451 -16.805254 -16.597616 -16.667875
2 -4.777474 25.239944 -5.244539 -5.040861 -5.319687 -4.857382
1 20.824233 -5.328051 -5.364426 -5.547894 0.348549 -4.932413
1 51.012569 -10.293302 -10.801381 -9.615902 -10.458055 -9.843932
5 -6.790956 0.251070 0.483030 2.541659 3.677329 -0.162131
4 -2.948710 -2.897140 -2.708489 12.151378 -1.624053 -1.972985
4 0.215482 0.116385 -0.676668 2.314562 -1.463091 -0.506669
5 -6.147438 -5.661181 11.786585 -6.374750 12.233609 -5.836825
1 16.708696 -3.315386 -3.455955 -3.204286 -3.334218 -3.398852
6 -6.583567 -0.464444 0.090208 0.256195 0.187193 6.514416
1 1.971833 -0.804413 1.300989 -0.896021 -0.764069 -0.808319
1 24.166754 -4.612106 -4.904353 -5.011680 -4.908953 -4.729663
1 83.380325 -16.598135 -16.711451 -16.805254 -16.597616 -16.667875
6 -1.650059 -1.767404 -3.689747 -1.745489 -1.725690 10.578389
4 -2.688848 -2.509835 -2.709396 12.957329 -2.621693 -2.427556
4 -22.498694 3.924245 5.550764 5.741185 5.240861 2.041640
5 -4.733738 1.871163 -1.186874 1.980969 2.112233 -0.043753
6 -3.223474 -3.122107 -3.139245 -3.011653 -3.232216 15.728697
2 -3.934978 14.391861 -2.291778 -2.621978 -3.120787 -2.422339
1 83.380325 -16.598135 -16.711451 -16.805254 -16.597616 -16.667875
3 -0.097208 0.098994 0.272457 0.063855 -0.308695 -0.029402
1 28.131409 -5.581793 -5.537202 -5.903821 -5.611110 -5.497486
3 -10.384949 -4.829710 28.634390 -4.459193 -4.366470 -4.594067
6 -7.301908 -3.814211 -2.396464 3.692411 -2.309286 12.129459
1 83.380325 -16.598135 -16.711451 -16.805254 -16.597616 -16.667875
4 -1.507702 0.248352 -1.634396 1.324025 0.674688 0.895034
6 -7.552329 -1.119672 -1.027960 -1.127708 -0.723098 11.550768
1 0.000000 0.000000 0.000000 0.000000 0.000000 0.000000
3 -7.946434 -2.881049 18.351889 -2.488949 -2.507678 -2.527779
1 83.575132 -16.899265 -16.947311 -16.243748 -16.797352 -16.687455
1 16.708696 -3.315386 -3.455955 -3.204286 -3.334218 -3.398852
5 -18.488990 -0.929805 0.315771 -0.520175 13.703588 5.919612
3 -1.065487 -2.721257 1.129528 0.644154 1.013274 0.999788
4 -5.883542 0.949040 0.911034 2.560491 1.760579 -0.297601
5 -6.963145 0.879256 0.593530 0.795142 3.741314 0.953903
4 -9.422612 -0.459056 -1.403071 7.666517 4.642790 -1.024567
6 -1.401161 -1.260923 -0.975242 -1.241136 -1.652194 6.530655
4 -2.688848 -2.509835 -2.709396 12.957329 -2.621693 -2.427556
1 83.380325 -16.598135 -16.711451 -16.805254 -16.597616 -16.667875
1 82.982751 -16.642759 -17.147712 -16.130133 -16.789790 -16.272361
1 83.380325 -16.598135 -16.711451 -16.805254 -16.597616 -16.667875
1 0.000000 0.000000 0.000000 0.000000 0.000000 0.000000
3 -2.530155 -0.151276 4.410269 -0.467662 -0.328592 -0.932585
1 23.905226 -4.964623 -4.928576 -4.391986 -5.189985 -4.430056
3 -15.290717 -1.836006 22.940266 -3.939812 -1.642525 -0.231206
1 45.879261 -9.212820 -10.600353 -8.836554 -8.606930 -8.622608
1 17.490583 -7.815689 12.591989 -7.469155 -7.406928 -7.390802
1 24.835733 -11.445264 -11.655863 21.255080 -11.434433 -11.555255
1 2.949662 -0.560381 -3.005945 0.030626 0.237919 0.348119
4 -6.151672 0.474833 3.555050 5.577693 -0.776877 -2.679027
2 -3.166564 7.507093 -1.262101 -1.087331 -0.990789 -1.000309
1 20.890196 -3.183675 -4.325732 -4.205977 -4.341029 -4.833785
1 83.380325 -16.598135 -16.711451 -16.805254 -16.597616 -16.667875
3 -0.866784 -1.477834 4.961864 -0.870138 -0.777887 -0.969220
3 -10.409445 -1.445750 18.051571 -1.742312 -1.086111 -3.367953
1 83.380325 -16.598135 -16.711451 -16.805254 -16.597616 -16.667875
3 -0.097208 0.098994 0.272457 0.063855 -0.308695 -0.029402
3 -9.383119 0.454490 3.837021 1.240829 2.759087 1.091691
1 5.488280 -1.160588 -0.262219 -0.923969 -1.697844 -1.443660
1 34.304683 -6.605312 -6.903390 -6.945553 -7.058898 -6.791532
3 -4.609524 1.076781 3.670554 3.068192 -0.664703 -2.541299
1 23.959733 -3.720297 -5.364426 -4.196690 -5.327884 -5.350438
1 18.904589 2.665457 -7.600383 -4.659311 -4.337646 -4.972708
5 -10.581954 1.848572 2.214937 1.304028 3.078582 2.135836
4 -5.912617 0.511397 1.345463 1.388086 1.286731 1.380941
3 -3.638022 -3.251263 16.433152 -3.180216 -3.276013 -3.087638
1 10.412666 -1.719072 -1.977817 -1.932973 -2.402391 -2.380413
1 3.976717 -1.270180 -2.149400 -2.584123 -0.517737 2.544721
4 -2.179751 -2.246265 -1.966673 10.862667 -2.309314 -2.160664
3 -13.835978 2.715536 3.406185 3.243338 3.189646 1.281272
3 -0.190389 -0.451019 2.872643 -0.603377 -1.761212 0.133355
1 83.380325 -16.598135 -16.711451 -16.805254 -16.597616 -16.667875
6 2.217114 -6.560160 -6.966034 -6.518851 -6.843920 24.671850
4 -2.179751 -2.246265 -1.966673 10.862667 -2.309314 -2.160664
1 83.380325 -16.598135 -16.711451 -16.805254 -16.597616 -16.667875
1 14.771951 -2.188808 -3.300997 -2.247117 -2.844143 -4.190888
3 -5.748201 1.144183 2.359475 1.521387 1.470667 -0.747510
1 55.858193 -11.110791 -11.295910 -11.608942 -10.920596 -10.921956
1 61.928337 -12.434414 -12.490072 -11.886097 -12.990022 -12.127730
3 -9.440393 -1.459408 12.216751 -0.685226 -0.844212 0.212488
1 83.380325 -16.598135 -16.711451 -16.805254 -16.597616 -16.667875
1 83.380325 -16.598135 -16.711451 -16.805254 -16.597616 -16.667875
6 0.336050 -1.694454 -1.523912 -1.393084 -2.320036 6.595437
1 8.882509 -1.562591 -2.086098 -1.739763 -1.583062 -1.910995
4 -6.112534 -5.769504 -5.951236 29.451607 -5.758069 -5.860265
6 -1.843547 0.000000 0.334340 0.000000 -2.075563 3.584769
1 25.858972 -4.798988 -5.662699 -5.934535 -4.852664 -4.610087
3 -0.097208 0.098994 0.272457 0.063855 -0.308695 -0.029402
1 83.380325 -16.598135 -16.711451 -16.805254 -16.597616 -16.667875
3 -9.073322 0.624001 2.960562 1.911710 2.322879 1.254170
3 -3.197572 0.799998 1.088893 0.581460 0.440791 0.286431
3 -3.828655 -1.334877 2.224024 1.788252 -0.724162 1.875418
1 82.982751 -16.642759 -17.147712 -16.130133 -16.789790 -16.272361
1 8.882509 -1.562591 -2.086098 -1.739763 -1.583062 -1.910995
3 -1.615163 -1.661847 8.141501 -1.577706 -1.577360 -1.709426
1 83.380325 -16.598135 -16.711451 -16.805254 -16.597616 -16.667875
1 83.380325 -16.598135 -16.711451 -16.805254 -16.597616 -16.667875
1 83.380325 -16.598135 -16.711451 -16.805254 -16.597616 -16.667875
1 34.346803 -7.423209 -6.742705 -6.749679 -6.740410 -6.690803
5 -8.231322 0.963430 1.832969 1.127311 3.486772 0.820839
6 -1.879330 -1.025517 -1.919958 -1.636605 -1.656485 8.117895
1 51.621173 -10.101462 -10.605734 -10.361350 -10.118564 -10.434066
1 45.301264 -8.996786 -9.720857 -8.580342 -9.137940 -8.865341
5 -1.522514 -1.524864 -1.646932 -1.394508 7.479074 -1.390256
1 0.000000 0.000000 0.000000 0.000000 0.000000 0.000000
3 -0.866784 -1.477834 4.961864 -0.870138 -0.777887 -0.969220
1 44.445825 -8.762355 -8.429480 -8.847571 -8.815707 -9.590714
1 8.882509 -1.562591 -2.086098 -1.739763 -1.583062 -1.910995
1 83.380325 -16.598135 -16.711451 -16.805254 -16.597616 -16.667875
1 82.982751 -16.642759 -17.147712 -16.130133 -16.789790 -16.272361
1 83.380325 -16.598135 -16.711451 -16.805254 -16.597616 -16.667875
4 -2.466547 -2.657944 -2.435439 12.537132 -2.493213 -2.483989
3 -3.437662 -1.701746 1.370267 1.299222 1.354519 1.115401
3 -0.097208 0.098994 0.272457 0.063855 -0.308695 -0.029402
1 83.575132 -16.899265 -16.947311 -16.243748 -16.797352 -16.687455
1 5.488280 -1.160588 -0.262219 -0.923969 -1.697844 -1.443660
4 -15.207837 0.472084 0.056891 13.755550 0.443866 0.479445
4 -6.619458 -2.297216 -2.325111 15.953923 -2.265126 -2.447014
4 -2.655759 -0.439130 1.256973 1.309931 0.089373 0.438612
1 23.590773 -4.608283 -4.627616 -5.068922 -4.542077 -4.743876
1 83.380325 -16.598135 -16.711451 -16.805254 -16.597616 -16.667875
1 12.137426 0.290273 -3.685897 -2.862331 -3.268188 -2.611283
1 0.000000 0.000000 0.000000 0.000000 0.000000 0.000000
1 11.813589 -3.512701 1.443222 -2.216986 -4.348696 -3.178429
4 -1.572868 -1.483223 -1.799773 9.173633 -1.633709 -2.684059
1 82.982751 -16.642759 -17.147712 -16.130133 -16.789790 -16.272361
3 -0.097208 0.098994 0.272457 0.063855 -0.308695 -0.029402
1 8.882509 -1.562591 -2.086098 -1.739763 -1.583062 -1.910995
1 51.842955 -12.256821 -12.568533 -2.128044 -12.706831 -12.182728
1 4.017298 -0.892453 -2.437199 -0.332997 -0.188979 -0.165670
6 -6.892490 -3.608513 -1.913006 -1.972759 -3.885533 18.272302
1 27.048281 1.031747 -7.190844 -7.061534 -6.896744 -6.930907
3 -15.580507 1.052460 12.306674 0.291225 1.572830 0.357318
4 -9.895539 -2.597579 -2.824827 22.410207 -3.543204 -3.549060
1 83.380325 -16.598135 -16.711451 -16.805254 -16.597616 -16.667875
1 56.532650 -11.512877 -11.526703 -11.127738 -10.856316 -11.509017
1 40.951337 -8.382444 -5.172953 -7.192592 -10.460746 -9.742603
2 -10.795665 2.777011 2.257283 2.077549 1.848349 1.835473
5 -0.597798 -0.879872 0.164766 -0.982099 2.458705 -0.163703
5 -2.318961 0.151787 -0.045344 0.003829 2.212696 -0.004008
5 -8.346796 -0.171655 0.969081 -0.310335 9.319384 -1.459678
1 83.380325 -16.598135 -16.711451 -16.805254 -16.597616 -16.667875
2 0.973341 1.441006 -3.579129 0.498761 0.852253 -0.186232
4 -18.466992 -0.116978 8.735345 9.766342 0.064266 0.018017
6 -9.419220 -1.660227 -1.112655 -1.345023 -1.479835 15.016960
1 83.380325 -16.598135 -16.711451 -16.805254 -16.597616 -16.667875
1 30.839311 -11.571003 14.424705 -10.938213 -11.559823 -11.194976
1 4.017298 -0.892453 -2.437199 -0.332997 -0.188979 -0.165670
6 -8.441545 0.299919 -0.256374 0.045202 0.641993 7.710806
2 -4.192743 21.559622 -4.395840 -4.263213 -4.210750 -4.497076
2 -4.777474 25.239944 -5.244539 -5.040861 -5.319687 -4.857382
5 -0.331435 -0.294754 -0.286418 -0.287309 1.509206 -0.309290
1 56.532650 -11.512877 -11.526703 -11.127738 -10.856316 -11.509017
5 -6.273085 0.000000 0.000000 -0.161927 5.993629 0.441384
1 3.249516 -1.623544 -1.079749 1.797778 -0.463217 -1.880784
5 -7.390830 -3.215771 -3.501582 -3.925850 13.533827 4.500206
1 27.676969 -5.264425 -6.791572 -4.574664 -4.129838 -6.916471
3 -8.918820 -4.072824 24.594139 -3.774705 -3.889382 -3.938407
5 -12.290241 1.375127 2.677500 3.086038 3.409686 1.741890
1 33.394052 -6.748806 -8.916786 -5.660790 -6.057383 -6.010290
2 -2.890946 15.156529 -2.996628 -3.048701 -2.821492 -3.398761
4 -5.912617 0.511397 1.345463 1.388086 1.286731 1.380941
3 -0.097208 0.098994 0.272457 0.063855 -0.308695 -0.029402
3 -9.106195 -0.785870 14.069730 -2.390293 -0.494783 -1.292590
3 -0.097208 0.098994 0.272457 0.063855 -0.308695 -0.029402
5 -1.007777 0.912099 -0.644909 -0.350952 1.373560 -0.282022
4 0.215482 0.116385 -0.676668 2.314562 -1.463091 -0.506669
3 -0.097208 0.098994 0.272457 0.063855 -0.308695 -0.029402
6 -4.753460 -4.653031 -4.927434 -5.631807 -4.515053 24.480785
4 -6.386059 -4.602919 -4.827673 25.158426 -4.523600 -4.818176
1 8.898657 -1.486180 -1.755265 -2.001908 -1.878794 -1.776510
2 -4.516158 1.230752 0.993901 0.224556 1.077664 0.989285
1 1.711798 -1.956424 -0.262822 1.522219 0.126374 -1.141146
1 8.898657 -1.486180 -1.755265 -2.001908 -1.878794 -1.776510
1 4.017298 -0.892453 -2.437199 -0.332997 -0.188979 -0.165670
1 83.380325 -16.598135 -16.711451 -16.805254 -16.597616 -16.667875
1 0.000000 0.000000 0.000000 0.000000 0.000000 0.000000
5 0.004416 -0.836675 -0.788968 0.360370 0.929885 0.330972
3 -3.476817 -3.648406 19.158196 -3.973392 -4.345637 -3.713944
1 21.430477 10.657338 -8.053327 -7.685020 -8.049385 -8.300083
1 28.962284 -8.134624 -8.100418 -8.230770 -7.776205 3.279730
1 83.380325 -16.598135 -16.711451 -16.805254 -16.597616 -16.667875
1 4.017298 -0.892453 -2.437199 -0.332997 -0.188979 -0.165670
4 -10.453400 1.141458 1.321924 5.451129 1.386340 1.152549
1 83.380325 -16.598135 -16.711451 -16.805254 -16.597616 -16.667875
4 -10.017465 -2.609683 3.952469 5.705341 -2.579339 5.548677
3 -15.195997 0.942250 10.867359 2.853836 0.822731 -0.290178
1 83.380325 -16.598135 -16.711451 -16.805254 -16.597616 -16.667875
3 -13.817122 1.050161 7.618256 -0.174192 -0.821983 6.144880
3 -0.097208 0.098994 0.272457 0.063855 -0.308695 -0.029402
6 -0.380240 -3.084426 -3.899265 -2.969280 -2.742898 13.076110
2 -1.713147 9.055237 -1.825982 -1.802189 -1.811542 -1.902377
6 -10.603975 0.681427 0.621789 1.133889 1.266049 6.900821
5 -1.495518 -4.237323 -4.972739 -3.891570 19.226984 -4.629835
4 -2.996511 0.055670 1.073447 1.322250 0.712677 -0.167533
1 33.935029 10.226007 -11.108792 -10.866529 -11.182506 -11.003211
2 -1.713147 9.055237 -1.825982 -1.802189 -1.811542 -1.902377
6 3.302795 -2.064166 -3.676322 -2.154373 -2.222133 6.814200
3 -0.097208 0.098994 0.272457 0.063855 -0.308695 -0.029402
1 83.380325 -16.598135 -16.711451 -16.805254 -16.597616 -16.667875
1 22.729597 -9.452263 12.856851 -8.445633 -9.023158 -8.665392
3 -0.097208 0.098994 0.272457 0.063855 -0.308695 -0.029402
1 83.380325 -16.598135 -16.711451 -16.805254 -16.597616 -16.667875
1 83.380325 -16.598135 -16.711451 -16.805254 -16.597616 -16.667875
3 -6.965852 -0.445052 10.019118 -0.107057 -0.663814 -1.837344
4 2.270100 -3.573023 -3.146619 11.953875 -3.535286 -3.969048
1 83.380325 -16.598135 -16.711451 -16.805254 -16.597616 -16.667875
3 -10.478400 -0.912048 15.574480 -2.957864 -0.545164 -0.681004
4 -8.537750 1.356832 2.537831 2.579258 1.922687 0.141141
1 8.882509 -1.562591 -2.086098 -1.739763 -1.583062 -1.910995
1 8.882509 -1.562591 -2.086098 -1.739763 -1.583062 -1.910995
5 -4.500751 -4.505258 -4.353393 -4.464590 23.290417 -5.466424
6 -1.650059 -1.767404 -3.689747 -1.745489 -1.725690 10.578389
1 83.380325 -16.598135 -16.711451 -16.805254 -16.597616 -16.667875
4 -14.154272 3.621094 0.303853 4.624418 4.093464 1.511443
1 83.380325 -16.598135 -16.711451 -16.805254 -16.597616 -16.667875
3 -4.341135 -3.145023 11.412862 -1.175002 -1.545707 -1.205994
1 16.708696 -3.315386 -3.455955 -3.204286 -3.334218 -3.398852
1 6.701536 -1.125844 -1.412104 -1.283545 -1.405656 -1.474387
4 -2.179751 -2.246265 -1.966673 10.862667 -2.309314 -2.160664
1 83.380325 -16.598135 -16.711451 -16.805254 -16.597616 -16.667875
2 -10.882590 3.025321 2.049917 2.153610 2.233305 1.420438
1 83.380325 -16.598135 -16.711451 -16.805254 -16.597616 -16.667875
3 -2.968292 -2.514033 14.850496 -4.006011 -2.953382 -2.408779
6 -9.419220 -1.660227 -1.112655 -1.345023 -1.479835 15.016960
5 -0.511669 0.763057 -1.298151 0.279327 0.910237 -0.142800
1 83.380325 -16.598135 -16.711451 -16.805254 -16.597616 -16.667875
3 -2.530580 0.138616 2.367785 -0.459798 -0.322331 0.806310
3 -4.046919 -4.360797 18.221519 -3.817659 -1.895214 -4.100932
3 -10.126445 -0.693440 13.269700 -1.818441 -0.642188 0.010815
6 -0.994306 -0.884261 -0.859254 -0.861928 -0.927869 4.527618
6 -1.879330 -1.025517 -1.919958 -1.636605 -1.656485 8.117895
1 37.628521 -7.413350 -8.742196 -7.204159 -7.139436 -7.129382
6 -4.753460 -4.653031 -4.927434 -5.631807 -4.515053 24.480785
5 0.241558 0.136621 -2.750377 0.078257 2.134718 0.159224
1 83.380325 -16.598135 -16.711451 -16.805254 -16.597616 -16.667875
1 1.509206 -0.331435 -0.294754 -0.286418 -0.287309 -0.309290
3 -6.770618 -3.812813 16.122118 -1.171866 -1.706101 -2.660719
1 83.575132 -16.899265 -16.947311 -16.243748 -16.797352 -16.687455
2 -4.516158 1.230752 0.993901 0.224556 1.077664 0.989285
1 83.380325 -16.598135 -16.711451 -16.805254 -16.597616 -16.667875
1 83.380325 -16.598135 -16.711451 -16.805254 -16.597616 -16.667875
1 0.000000 0.000000 0.000000 0.000000 0.000000 0.000000
3 -0.097208 0.098994 0.272457 0.063855 -0.308695 -0.029402
3 -6.145273 -3.132195 16.333125 -2.951972 -2.583850 -1.519835
1 83.575132 -16.899265 -16.947311 -16.243748 -16.797352 -16.687455
3 -11.403433 -2.600371 21.890934 -2.071647 -2.042083 -3.773399
1 44.445825 -8.762355 -8.429480 -8.847571 -8.815707 -9.590714
1 8.882509 -1.562591 -2.086098 -1.739763 -1.583062 -1.910995
5 -11.603758 0.443261 -2.750269 0.635895 14.773733 -1.498861
4 -6.619458 -2.297216 -2.325111 15.953923 -2.265126 -2.447014
1 83.380325 -16.598135 -16.711451 -16.805254 -16.597616 -16.667875
3 -8.918820 -4.072824 24.594139 -3.774705 -3.889382 -3.938407
1 83.380325 -16.598135 -16.711451 -16.805254 -16.597616 -16.667875
1 83.380325 -16.598135 -16.711451 -16.805254 -16.597616 -16.667875
1 83.380325 -16.598135 -16.711451 -16.805254 -16.597616 -16.667875
6 -2.069604 -1.990010 -2.015308 -1.972291 -2.005498 10.052711
1 83.380325 -16.598135 -16.711451 -16.805254 -16.597616 -16.667875
1 56.532650 -11.512877 -11.526703 -11.127738 -10.856316 -11.509017
1 83.380325 -16.598135 -16.711451 -16.805254 -16.597616 -16.667875
1 83.380325 -16.598135 -16.711451 -16.805254 -16.597616 -16.667875
1 16.616407 -3.488542 -2.418647 -2.472410 -2.398116 -5.838693
1 4.545332 -1.458604 -2.720435 1.038833 -0.930000 -0.475127
1 31.745428 -5.804215 -7.157453 -6.213407 -5.810520 -6.759836
4 0.215482 0.116385 -0.676668 2.314562 -1.463091 -0.506669
1 38.194061 10.273484 -12.290708 -11.733268 -12.683081 -11.760486
4 -13.255480 2.503129 3.247309 4.244537 3.025268 0.235236
3 -0.097208 0.098994 0.272457 0.063855 -0.308695 -0.029402
6 2.488485 -4.438539 -4.822616 -5.509126 -4.601323 16.883119
1 22.434585 -3.215784 -6.634114 -3.786930 -4.076178 -4.721578
1 83.380325 -16.598135 -16.711451 -16.805254 -16.597616 -16.667875
1 0.000000 0.000000 0.000000 0.000000 0.000000 0.000000
4 -5.357799 1.364211 0.048679 2.170981 1.887415 -0.113488
6 -3.861301 -0.429683 -1.153517 -0.643016 0.389527 5.697989
3 -8.097069 -1.060435 6.891350 0.246084 0.154877 1.865193
1 15.280422 -3.746372 -2.482839 0.695752 -4.042934 -5.704032
1 13.056398 -2.217323 -2.669173 -2.457870 -2.765697 -2.946335
5 -6.759759 0.643330 1.180089 0.923776 4.814160 -0.801597
4 -2.179751 -2.246265 -1.966673 10.862667 -2.309314 -2.160664
6 -10.557891 0.558711 2.001624 0.637768 2.742419 4.617369
1 9.489657 -4.006204 -4.697158 -6.628272 -1.663899 7.505876
2 -2.530804 2.783230 -0.456696 -0.920013 -1.319024 2.443306
1 22.498095 -8.083736 -8.957415 -8.083948 11.959330 -9.332327
4 -6.112534 -5.769504 -5.951236 29.451607 -5.758069 -5.860265
6 -11.090213 -1.229239 -0.355532 -0.541099 -0.707641 13.923724
5 -7.001261 -1.887159 -3.562296 -2.143047 17.133583 -2.539818
5 -4.500751 -4.505258 -4.353393 -4.464590 23.290417 -5.466424
3 -9.164489 1.323596 4.490288 2.962612 2.040307 -1.652316
3 -23.565493 3.316966 10.881838 1.524725 6.212429 1.629534
1 83.380325 -16.598135 -16.711451 -16.805254 -16.597616 -16.667875
1 83.380325 -16.598135 -16.711451 -16.805254 -16.597616 -16.667875
5 -10.141764 -1.882502 -2.781100 -1.797061 19.807270 -3.204843
1 0.000000 0.000000 0.000000 0.000000 0.000000 0.000000
4 -2.688848 -2.509835 -2.709396 12.957329 -2.621693 -2.427556
4 -6.798633 -2.633870 -2.386964 18.040534 -2.583924 -3.637143
3 -0.265732 -0.187206 1.600215 0.055228 -1.328953 0.126449
6 -1.969858 -0.096193 -0.220280 -0.175988 0.068747 2.393572
1 83.380325 -16.598135 -16.711451 -16.805254 -16.597616 -16.667875
3 -2.997566 0.697092 0.841199 0.606100 0.546570 0.306606
5 -1.484538 -0.637906 -0.585606 -0.573945 3.947144 -0.665149
4 0.215482 0.116385 -0.676668 2.314562 -1.463091 -0.506669
1 30.516261 -5.839388 -6.026130 -6.158456 -6.428676 -6.063612
5 -16.074757 2.341932 4.992011 2.032106 5.229811 1.478897
1 3.798450 -2.840187 0.958082 -0.459058 -0.148001 -1.309288
1 83.380325 -16.598135 -16.711451 -16.805254 -16.597616 -16.667875
1 44.445825 -8.762355 -8.429480 -8.847571 -8.815707 -9.590714
1 14.495902 -3.127796 -6.430203 -5.857177 7.650062 -6.730790
4 -16.681993 3.249116 2.631832 3.638819 3.618463 3.543763
1 83.380325 -16.598135 -16.711451 -16.805254 -16.597616 -16.667875
4 -6.780304 -1.737980 -1.807632 14.301182 -2.036130 -1.939135
1 83.380325 -16.598135 -16.711451 -16.805254 -16.597616 -16.667875
1 83.380325 -16.598135 -16.711451 -16.805254 -16.597616 -16.667875
1 51.374344 -9.891673 -10.342637 -10.202013 -10.372897 -10.565127
3 -0.097208 0.098994 0.272457 0.063855 -0.308695 -0.029402
1 30.516261 -5.839388 -6.026130 -6.158456 -6.428676 -6.063612
2 -1.221523 3.215432 -0.342315 -0.367743 -0.882022 -0.401829
4 -1.507702 0.248352 -1.634396 1.324025 0.674688 0.895034
1 9.860530 -2.923923 2.390595 -2.826363 -2.790951 -3.709887
5 -1.640362 -0.508396 -0.156349 0.952934 1.139985 0.212188
2 -1.535737 0.480807 0.443199 0.088575 0.214235 0.308921
3 -6.574351 -0.497479 9.498833 -0.130075 -1.470959 -0.825969
1 0.000000 0.000000 0.000000 0.000000 0.000000 0.000000
3 -15.311623 1.952430 8.089173 0.936513 2.779532 1.553975
1 83.380325 -16.598135 -16.711451 -16.805254 -16.597616 -16.667875
4 -6.780304 -1.737980 -1.807632 14.301182 -2.036130 -1.939135
1 21.707911 -5.640766 0.949285 -6.279384 -5.324157 -5.412890
4 -1.976060 0.121479 0.285789 2.568628 -0.524120 -0.475716
1 83.380325 -16.598135 -16.711451 -16.805254 -16.597616 -16.667875
6 -3.339748 -3.153626 -3.050843 -3.412080 -3.236757 16.193054
6 -4.136347 -0.567882 -1.053010 -0.481288 -1.289748 7.528275
3 2.308487 -2.617942 10.043512 -3.828393 -3.131295 -2.774369
4 -5.530941 0.466101 0.651662 3.386067 0.850916 0.176194
5 -4.932843 -0.393108 0.315846 -0.046507 6.594933 -1.538321
1 24.835733 -11.445264 -11.655863 21.255080 -11.434433 -11.555255
1 83.380325 -16.598135 -16.711451 -16.805254 -16.597616 -16.667875
4 1.093166 -2.284796 -2.519025 9.110941 -2.770483 -2.629802
3 -13.327573 -2.315136 12.804205 7.439320 -2.369669 -2.231147
1 51.621173 -10.101462 -10.605734 -10.361350 -10.118564 -10.434066
1 83.380325 -16.598135 -16.711451 -16.805254 -16.597616 -16.667875
4 -7.251761 -1.765610 -1.473710 13.565976 -1.383502 -1.691393
1 30.544865 -5.776359 -5.745935 -6.688420 -6.333959 -6.000195
1 83.575132 -16.899265 -16.947311 -16.243748 -16.797352 -16.687455
1 83.380325 -16.598135 -16.711451 -16.805254 -16.597616 -16.667875
3 -2.721620 -1.451750 9.844521 -2.384710 -1.812905 -1.473537
2 -0.328019 1.509206 -0.317531 -0.280242 -0.275364 -0.308050
1 82.982751 -16.642759 -17.147712 -16.130133 -16.789790 -16.272361
1 0.000000 0.000000 0.000000 0.000000 0.000000 0.000000
1 21.548926 -5.589356 -3.790625 -6.854594 -1.024894 -4.289459
2 0.191145 5.724265 -1.149335 -1.433110 -1.411347 -1.921618
3 2.308487 -2.617942 10.043512 -3.828393 -3.131295 -2.774369
3 -4.609524 1.076781 3.670554 3.068192 -0.664703 -2.541299
1 0.000000 0.000000 0.000000 0.000000 0.000000 0.000000
1 5.740801 -4.327752 -0.169136 -3.307984 -3.392466 5.456536
3 -17.623347 -0.045441 14.838771 1.345970 0.985105 0.498942
1 83.380325 -16.598135 -16.711451 -16.805254 -16.597616 -16.667875
3 -5.849020 -5.693913 16.250937 -6.713942 -6.182792 8.188730
3 -1.574902 0.904448 0.985071 0.000000 -0.050193 -0.264424
6 -3.546238 -4.316714 -4.978739 -3.988697 -4.037817 20.868203
4 -2.996511 0.055670 1.073447 1.322250 0.712677 -0.167533
1 83.380325 -16.598135 -16.711451 -16.805254 -16.597616 -16.667875
4 -19.359928 1.782528 2.497631 8.055238 2.270403 4.754129
1 39.975832 -8.147101 -8.970848 -7.582360 -7.492319 -7.783205
1 83.380325 -16.598135 -16.711451 -16.805254 -16.597616 -16.667875
1 83.380325 -16.598135 -16.711451 -16.805254 -16.597616 -16.667875
1 14.397276 -2.816697 -2.851068 -2.738298 -3.037835 -2.953377
1 27.429203 -5.612454 -5.280129 -5.497799 -5.729339 -5.309484
1 83.380325 -16.598135 -16.711451 -16.805254 -16.597616 -16.667875
1 61.167131 -12.191842 -13.851967 -11.607917 -11.989224 -11.526184
1 16.616407 -3.488542 -2.418647 -2.472410 -2.398116 -5.838693
3 -0.097208 0.098994 0.272457 0.063855 -0.308695 -0.029402
1 10.417044 -2.100211 -2.262853 -2.181726 -1.909819 -1.962435
6 -6.077709 -2.204180 -1.575594 -2.718837 -2.904444 15.480764
4 -16.424722 1.949052 3.307019 6.336205 2.459043 2.373403
6 -2.450911 -0.496820 -0.696433 -0.373901 -0.400211 4.418277
3 -1.615163 -1.661847 8.141501 -1.577706 -1.577360 -1.709426
3 -6.123505 0.973905 3.010423 1.428951 1.442776 -0.732549
2 -4.777474 25.239944 -5.244539 -5.040861 -5.319687 -4.857382
4 -6.151672 0.474833 3.555050 5.577693 -0.776877 -2.679027
1 83.380325 -16.598135 -16.711451 -16.805254 -16.597616 -16.667875
2 -4.777474 25.239944 -5.244539 -5.040861 -5.319687 -4.857382
1 56.532650 -11.512877 -11.526703 -11.127738 -10.856316 -11.509017
2 -7.527305 18.794082 -2.914214 -2.736273 -3.009221 -2.607067
4 -6.407133 1.458646 0.400041 1.963129 0.741826 1.843490
6 -3.572239 -3.558879 -3.667024 -3.416760 -3.473690 17.688593
6 -8.753996 -1.333279 6.905348 -2.389354 -2.129575 7.700856
1 83.380325 -16.598135 -16.711451 -16.805254 -16.597616 -16.667875
1 83.380325 -16.598135 -16.711451 -16.805254 -16.597616 -16.667875
5 2.017741 -1.105978 -1.372099 -1.413565 3.059642 -1.185741
4 -2.466547 -2.657944 -2.435439 12.537132 -2.493213 -2.483989
1 8.898657 -1.486180 -1.755265 -2.001908 -1.878794 -1.776510
6 -4.121819 -0.086069 -0.392093 1.064153 1.635018 1.900809
1 18.702931 -3.811603 -3.252582 -2.724608 -5.039959 -3.874180
1 83.380325 -16.598135 -16.711451 -16.805254 -16.597616 -16.667875
1 83.380325 -16.598135 -16.711451 -16.805254 -16.597616 -16.667875
1 6.271124 -0.936648 -1.697723 0.306022 -2.353964 -1.588812
1 13.865433 -2.826300 -2.792181 -2.717005 -2.745239 -2.784707
3 -8.521479 -2.574207 21.146074 -4.979215 -2.717197 -2.353976
2 -8.183313 16.470152 -4.967668 6.653779 -5.183211 -4.789738
1 19.365851 -3.691283 -4.165900 -2.795161 -4.551143 -4.162365
3 -6.615926 -1.734847 12.869478 -2.384463 -0.949817 -1.184424
1 32.207407 -11.446263 -11.742587 -12.417002 -11.321966 14.720409
3 -2.719944 -2.723468 14.470198 -2.864711 -3.429999 -2.732076
3 -2.509165 -0.734591 3.625453 -0.612672 -0.070326 0.301303
1 83.380325 -16.598135 -16.711451 -16.805254 -16.597616 -16.667875
3 -10.126553 -2.218951 21.663522 -4.305931 -0.254548 -4.757539
2 -1.806255 1.168561 -0.233819 0.232389 0.047765 0.591359
1 1.640192 0.697837 -1.109941 1.073267 -1.101402 -1.199953
1 82.982751 -16.642759 -17.147712 -16.130133 -16.789790 -16.272361
5 -0.122113 -1.020939 -1.599124 0.811596 1.322598 0.607982
3 -0.097208 0.098994 0.272457 0.063855 -0.308695 -0.029402
4 -13.460180 1.988750 4.384867 6.642175 1.072418 -0.628030
5 -8.452093 -3.203959 5.002999 -5.027947 14.775386 -3.094386
2 -0.925199 4.584635 -1.694523 -0.532463 -1.267760 -0.164690
1 8.882509 -1.562591 -2.086098 -1.739763 -1.583062 -1.910995
1 13.545079 -3.662009 -4.476902 -2.651547 -3.215891 0.461269
1 24.342755 -7.428877 -4.600662 -2.741171 -5.545876 -4.026170
5 -4.692436 -0.554499 0.749310 -0.276864 4.730896 0.043594
4 0.440506 0.559362 0.424111 0.678616 -0.086458 -2.016139
1 0.000000 0.000000 0.000000 0.000000 0.000000 0.000000
6 -3.360533 -3.249391 -4.522834 -3.400877 -3.326092 17.859727
4 -2.466547 -2.657944 -2.435439 12.537132 -2.493213 -2.483989
6 -6.994753 -1.629880 -2.787956 -2.317655 -2.624258 16.354501
5 -4.410513 1.482293 1.203064 0.567701 1.553248 -0.395792
1 14.618809 -4.694013 -8.990247 -5.327700 11.176143 -6.782993
3 -4.953308 -4.922037 26.411547 -6.118223 -5.537141 -4.880839
1 83.380325 -16.598135 -16.711451 -16.805254 -16.597616 -16.667875
1 33.926336 -9.324011 4.753353 -11.184702 -9.009175 -9.161804
1 23.590773 -4.608283 -4.627616 -5.068922 -4.542077 -4.743876
2 -6.909169 2.566814 -0.734220 1.614612 1.622267 1.839696
3 -1.065487 -2.721257 1.129528 0.644154 1.013274 0.999788
2 -3.572595 10.974247 -1.834879 -1.891826 -1.856794 -1.818153
4 -7.395660 -1.390698 -0.596787 11.593041 -0.894159 -1.315738
4 -8.163859 0.775960 2.192625 2.991641 1.655108 0.548525
3 -8.850247 -3.628692 23.753116 -4.404584 -3.463237 -3.406355
2 -1.063165 1.509206 -0.918080 0.000000 0.472039 0.000000
1 22.498095 -8.083736 -8.957415 -8.083948 11.959330 -9.332327
3 -6.506635 -2.206970 14.707103 -2.217819 -1.501413 -2.274267
1 82.982751 -16.642759 -17.147712 -16.130133 -16.789790 -16.272361
5 -16.504039 3.279614 3.852465 4.093092 4.174360 1.104509
1 16.616407 -3.488542 -2.418647 -2.472410 -2.398116 -5.838693
6 -10.805852 -4.447976 -5.310354 -5.016811 12.167087 13.413907
1 83.380325 -16.598135 -16.711451 -16.805254 -16.597616 -16.667875
6 2.488485 -4.438539 -4.822616 -5.509126 -4.601323 16.883119
1 83.380325 -16.598135 -16.711451 -16.805254 -16.597616 -16.667875
1 24.539510 -6.441284 2.587831 -6.911367 -6.339650 -7.435038
1 16.982380 -3.034603 -4.249989 -2.834618 -0.993039 -5.870133
1 83.380325 -16.598135 -16.711451 -16.805254 -16.597616 -16.667875
1 83.575132 -16.899265 -16.947311 -16.243748 -16.797352 -16.687455
2 -5.492736 17.826238 -2.934249 -2.614190 -3.243171 -3.541891
5 0.000000 -0.013749 -0.615569 -0.661726 1.736846 -0.445803
4 -20.543282 4.476707 4.821093 6.725612 3.649058 0.870813
5 -4.851804 -3.592138 -3.697518 -2.792934 18.426177 -3.491781
6 -1.639890 -0.163110 -0.302743 0.044303 0.401322 1.660118
1 4.017298 -0.892453 -2.437199 -0.332997 -0.188979 -0.165670
